5.80986
5.77774
5.74424
5.71117
5.67671
5.64254
5.60682
5.57118
5.53393
5.49652
5.45727
5.41753
5.37581
5.33321
5.28826
5.24195
5.19301
5.14206
5.08798
5.03116
4.9707
4.90659
4.83806
4.76485
4.68643
4.60201
4.51128
4.41305
4.30725
4.19201
4.06718
3.93041
3.78113
3.61593
3.43294
3.22707
2.99346
2.72281
2.40362
2.01839
1.54014
0.93774
0.16262
-0.88541
-2.31799
-4.12343
-6.42051
-9.20361
-12.09385
-14.65205
-16.55881
-17.70123
-18.05733
-17.64181
-16.43155
-14.45244
-11.84028
-8.94489
-6.22672
-4.07132
-2.47639
-1.37608
-0.78214
-0.74116
-1.25581
-2.66723
-5.18556
-8.28877
-11.23921
-13.47016
-14.78097
-15.19084
-14.75345
-13.41759
-11.16522
-8.19207
-5.0626
-2.50653
-1.04555
-0.47646
-0.45383
-0.98025
-2.01455
-3.53998
-5.63019
-8.28798
-11.131
-13.69617
-15.6353
-16.81314
-17.20668
-16.83644
-15.68454
-13.76917
-11.20444
-8.32009
-5.5678
-3.35588
-1.71894
-0.5785
0.06574
0.15183
-0.29888
-1.60137
-4.02773
-7.09755
-10.08583
-12.38937
-13.78217
-14.26701
-13.90623
-12.65362
-10.48129
-7.55414
-4.40623
-1.76095
-0.1968
0.43876
0.50901
0.02916
-0.95756
-2.4415
-4.47571
-7.09483
-9.94322
-12.55462
-14.5602
-15.81297
-16.27708
-15.98055
-14.90085
-13.05627
-10.5398
-7.66592
-4.87712
-2.60507
-0.91246
0.27403
0.97118
1.11495
0.71667
-0.4773
-2.80916
-5.84861
-8.87222
-11.25466
-12.73265
-13.29819
-13.01558
-11.84878
-9.76033
-6.88529
-3.7273
-0.99918
0.67906
1.37786
1.50719
1.0771
0.13996
-1.29298
-3.2702
-5.84257
-8.68861
-11.33934
-13.41028
-14.73483
-15.27356
-15.04895
-14.04705
-12.27266
-9.81265
-6.95361
-4.13636
-1.80675
-0.06807
1.16665
1.90348
2.10117
1.75359
0.6531
-1.57148
-4.56803
-7.60404
-10.02979
-11.53495
-12.08817
-11.74701
-10.48589
-8.25718
-5.17314
-1.68741
1.4984
3.77467
5.14527
6.08571
6.70826
7.17129
7.52745
7.77614
7.95768
8.08387
8.17286
8.23184
8.2701
8.29209
8.30221
8.30341
8.29753
8.28681
8.27147
8.25366
8.23281
8.21091
8.18663
8.16211
8.13583
8.10981
8.08221
8.05526
8.02702
7.99964
7.97096
7.9434
7.9147
7.88719
7.85855
7.83119
7.80289
7.77582
7.74785
7.72111
7.69366
7.66731
7.64033
7.61438
7.58798
7.56247
7.53656
7.51146
7.48613
7.46142
7.43657
7.41223
7.38791
7.3639
7.34
7.31631
7.29286
7.26943
7.24632
7.22316
7.2004
7.17745
7.15495
7.13222
7.10999
7.08741
7.06536
7.04295
7.02111
6.99881
6.97709
6.95494
6.93337
6.91129
6.8898
6.86785
6.84646
6.82457
6.80323
6.78145
6.76019
6.73846
6.71723
6.69562
6.67444
6.6529
6.63173
6.61034
6.5892
6.56787
6.54677
6.52558
6.50453
6.48342
6.46244
6.44145
6.42054
6.39962
6.37881
6.35803
6.3373
6.31659
6.29594
6.27535
6.25477
6.23422
6.21369
6.1932
6.17264
6.15207
6.13145
6.11076
6.08988
6.06885
6.04756
6.02601
6.00396
5.98147
5.95829
5.93442
5.90945
5.88343
5.85589
5.82679
5.79547
5.7619
5.7253
5.68551
5.64152
5.59312
5.53912
5.47914
5.41164
5.33621
5.25097
5.15526
5.04668
4.9243
4.78498
4.62699
4.44568
4.23755
3.99519
3.71016
3.37108
2.9646
2.45674
1.80678
1.01128
0.12194
-0.79515
-1.67248
-2.44644
-3.05814
-3.45779
-3.601
-3.47031
-3.07617
-2.45914
-1.66676
-0.75924
0.19983
1.13742
1.98573
2.68087
3.21412
3.60945
3.89794
4.04137
3.96733
3.73633
3.45465
3.21289
3.04026
2.92833
2.86157
2.84718
2.89009
2.96546
2.98244
2.82486
2.39952
1.73907
0.85892
-0.34321
-1.99383
-4.07426
-6.56705
-9.46682
-12.47678
-15.208
-17.3395
-18.69882
-19.20914
-18.85295
-17.63877
-15.63106
-12.98819
-10.01829
-7.12865
-4.66611
-2.70063
-1.26724
-0.3868
-0.06639
-0.25787
-1.23711
-3.31112
-6.06483
-8.8022
-10.93892
-12.24762
-12.7265
-12.43676
-11.33309
-9.38446
-6.73814
-3.89905
-1.56428
-0.27749
0.10753
-0.02611
-0.70963
-1.94228
-3.71548
-5.98107
-8.71904
-11.64792
-14.35587
-16.49966
-17.8895
-18.43932
-18.1368
-16.98341
-15.04302
-12.44853
-9.50053
-6.5844
-4.07938
-2.06666
-0.57756
0.36037
0.74472
0.61661
-0.2445
-2.20348
-4.90127
-7.65017
-9.84536
-11.21925
-11.76276
-11.53139
-10.49772
-8.61419
-6.01186
-3.15489
-0.73908
0.65305
1.1094
1.02466
0.40173
-0.77507
-2.4925
-4.70686
-7.4043
-10.3256
-13.06893
-15.27007
-16.73249
-17.35642
-17.13049
-16.05076
-14.17623
-11.62878
-8.69301
-5.754
-3.19268
-1.1335
0.41388
1.40645
1.8492
1.77831
1.01914
-0.82041
-3.45851
-6.20228
-8.43017
-9.8327
-10.3825
-10.13561
-9.06981
-7.13432
-4.42486
-1.37759
1.3405
3.11131
3.96304
4.32121
4.22227
3.69145
2.74698
1.41424
-0.37385
-2.44429
-4.46191
-6.11647
-7.23743
-7.76574
-7.69824
-7.03462
-5.78918
-4.04182
-2.00442
-0.00851
1.62235
2.8053
3.58693
3.96405
3.91014
3.44551
2.42778
0.52491
-2.05279
-4.72031
-6.92344
-8.37734
-9.0324
-8.93331
-8.06214
-6.37629
-3.94408
-1.11085
1.55458
3.51386
4.70549
5.52871
6.09376
6.51617
6.84555
7.07941
7.25352
7.3758
7.46526
7.52517
7.56733
7.5924
7.60806
7.61364
7.61433
7.60888
7.60084
7.58905
7.57603
7.56069
7.54468
7.5272
7.50942
7.49072
7.47179
7.4523
7.43271
7.41275
7.39263
7.37234
7.35191
7.33141
7.31068
7.29
7.26911
7.24832
7.22722
7.20632
7.18512
7.16416
7.1428
7.12177
7.10034
7.07927
7.05771
7.03661
7.01501
6.99388
6.97219
6.95103
6.92932
6.90816
6.88636
6.86519
6.8434
6.82222
6.80034
6.77924
6.75713
5.9064
5.05644
4.20823
3.36152
2.51702
1.67496
0.83561
0
0
0
0
0
0
0
0
0