0.000000000000000000e+00
0.000000000000000000e+00
0.000000000000000000e+00
0.000000000000000000e+00
0.000000000000000000e+00
0.000000000000000000e+00
0.000000000000000000e+00
0.000000000000000000e+00
0.000000000000000000e+00
8.356099999999999639e-01
1.674960000000000004e+00
2.517020000000000035e+00
3.361520000000000064e+00
4.208230000000000359e+00
5.056440000000000268e+00
5.906399999999999650e+00
6.757130000000000081e+00
6.779239999999999711e+00
6.800340000000000273e+00
6.822219999999999729e+00
6.843399999999999928e+00
6.865190000000000126e+00
6.886359999999999815e+00
6.908159999999999634e+00
6.929319999999999702e+00
6.951030000000000264e+00
6.972190000000000332e+00
6.993879999999999875e+00
7.015010000000000190e+00
7.036609999999999587e+00
7.057710000000000150e+00
7.079270000000000174e+00
7.100340000000000096e+00
7.121769999999999712e+00
7.142800000000000260e+00
7.164159999999999862e+00
7.185120000000000395e+00
7.206319999999999837e+00
7.227219999999999978e+00
7.248319999999999652e+00
7.269110000000000404e+00
7.290000000000000036e+00
7.310679999999999623e+00
7.331409999999999982e+00
7.351910000000000167e+00
7.372340000000000337e+00
7.392629999999999590e+00
7.412749999999999950e+00
7.432710000000000150e+00
7.452300000000000146e+00
7.471790000000000376e+00
7.490719999999999601e+00
7.509420000000000428e+00
7.527199999999999669e+00
7.544679999999999609e+00
7.560690000000000133e+00
7.576030000000000264e+00
7.589050000000000296e+00
7.600839999999999819e+00
7.608880000000000088e+00
7.614329999999999821e+00
7.613640000000000185e+00
7.608060000000000045e+00
7.592399999999999594e+00
7.567330000000000112e+00
7.525170000000000137e+00
7.465259999999999785e+00
7.375799999999999912e+00
7.253519999999999968e+00
7.079410000000000203e+00
6.845550000000000246e+00
6.516169999999999796e+00
6.093759999999999621e+00
5.528710000000000235e+00
4.705490000000000173e+00
3.513860000000000205e+00
1.554580000000000073e+00
-1.110849999999999893e+00
-3.944080000000000030e+00
-6.376290000000000013e+00
-8.062139999999999418e+00
-8.933310000000000528e+00
-9.032400000000000873e+00
-8.377340000000000231e+00
-6.923440000000000261e+00
-4.720309999999999562e+00
-2.052789999999999893e+00
5.249099999999999877e-01
2.427779999999999827e+00
3.445510000000000073e+00
3.910140000000000171e+00
3.964049999999999851e+00
3.586930000000000174e+00
2.805299999999999905e+00
1.622349999999999959e+00
-8.510000000000000203e-03
-2.004420000000000091e+00
-4.041820000000000412e+00
-5.789179999999999993e+00
-7.034620000000000317e+00
-7.698240000000000194e+00
-7.765740000000000087e+00
-7.237429999999999808e+00
-6.116469999999999629e+00
-4.461909999999999599e+00
-2.444290000000000074e+00
-3.738500000000000156e-01
1.414239999999999942e+00
2.746980000000000199e+00
3.691450000000000120e+00
4.222269999999999968e+00
4.321209999999999773e+00
3.963039999999999896e+00
3.111310000000000020e+00
1.340500000000000025e+00
-1.377590000000000092e+00
-4.424859999999999793e+00
-7.134319999999999773e+00
-9.069810000000000372e+00
-1.013560999999999979e+01
-1.038250000000000028e+01
-9.832700000000000884e+00
-8.430170000000000385e+00
-6.202280000000000015e+00
-3.458509999999999973e+00
-8.204099999999999726e-01
1.019139999999999935e+00
1.778310000000000057e+00
1.849199999999999955e+00
1.406449999999999978e+00
4.138800000000000257e-01
-1.133499999999999952e+00
-3.192680000000000184e+00
-5.753999999999999559e+00
-8.693009999999999238e+00
-1.162878000000000078e+01
-1.417623000000000033e+01
-1.605076000000000036e+01
-1.713049000000000177e+01
-1.735641999999999996e+01
-1.673248999999999853e+01
-1.527007000000000048e+01
-1.306892999999999994e+01
-1.032559999999999967e+01
-7.404300000000000104e+00
-4.706859999999999822e+00
-2.492500000000000160e+00
-7.750700000000000367e-01
4.017299999999999760e-01
1.024659999999999904e+00
1.109399999999999942e+00
6.530500000000000194e-01
-7.390799999999999592e-01
-3.154889999999999972e+00
-6.011860000000000426e+00
-8.614190000000000680e+00
-1.049771999999999927e+01
-1.153139000000000003e+01
-1.176276000000000010e+01
-1.121925000000000061e+01
-9.845359999999999445e+00
-7.650170000000000137e+00
-4.901270000000000238e+00
-2.203479999999999883e+00
-2.444999999999999951e-01
6.166099999999999914e-01
7.447200000000000486e-01
3.603700000000000236e-01
-5.775599999999999623e-01
-2.066660000000000164e+00
-4.079379999999999562e+00
-6.584399999999999586e+00
-9.500529999999999475e+00
-1.244852999999999987e+01
-1.504302000000000028e+01
-1.698340999999999923e+01
-1.813680000000000092e+01
-1.843931999999999860e+01
-1.788950000000000173e+01
-1.649965999999999866e+01
-1.435586999999999946e+01
-1.164791999999999916e+01
-8.719039999999999679e+00
-5.981069999999999887e+00
-3.715479999999999894e+00
-1.942280000000000006e+00
-7.096299999999999830e-01
-2.611000000000000126e-02
1.075300000000000006e-01
-2.774900000000000144e-01
-1.564279999999999893e+00
-3.899049999999999905e+00
-6.738139999999999574e+00
-9.384460000000000690e+00
-1.133309000000000033e+01
-1.243675999999999959e+01
-1.272649999999999970e+01
-1.224761999999999951e+01
-1.093891999999999953e+01
-8.802199999999999136e+00
-6.064829999999999721e+00
-3.311119999999999841e+00
-1.237109999999999932e+00
-2.578699999999999881e-01
-6.639000000000000457e-02
-3.867999999999999772e-01
-1.267239999999999922e+00
-2.700629999999999864e+00
-4.666109999999999758e+00
-7.128650000000000375e+00
-1.001829000000000036e+01
-1.298818999999999946e+01
-1.563105999999999973e+01
-1.763877000000000095e+01
-1.885294999999999987e+01
-1.920914000000000144e+01
-1.869882000000000133e+01
-1.733950000000000102e+01
-1.520800000000000018e+01
-1.247677999999999976e+01
-9.466820000000000235e+00
-6.567050000000000054e+00
-4.074259999999999771e+00
-1.993829999999999991e+00
-3.432100000000000151e-01
8.589200000000000168e-01
1.739069999999999894e+00
2.399519999999999875e+00
2.824860000000000149e+00
2.982439999999999980e+00
2.965460000000000207e+00
2.890089999999999826e+00
2.847179999999999822e+00
2.861569999999999947e+00
2.928329999999999878e+00
3.040259999999999962e+00
3.212889999999999802e+00
3.454649999999999999e+00
3.736330000000000151e+00
3.967330000000000023e+00
4.041369999999999685e+00
3.897940000000000182e+00
3.609449999999999825e+00
3.214119999999999866e+00
2.680870000000000086e+00
1.985729999999999995e+00
1.137420000000000098e+00
1.998300000000000076e-01
-7.592400000000000260e-01
-1.666760000000000019e+00
-2.459140000000000104e+00
-3.076169999999999849e+00
-3.470310000000000006e+00
-3.600999999999999979e+00
-3.457790000000000141e+00
-3.058139999999999858e+00
-2.446439999999999948e+00
-1.672479999999999967e+00
-7.951500000000000234e-01
1.219400000000000067e-01
1.011279999999999957e+00
1.806780000000000053e+00
2.456739999999999924e+00
2.964599999999999902e+00
3.371080000000000076e+00
3.710160000000000124e+00
3.995190000000000019e+00
4.237549999999999706e+00
4.445680000000000298e+00
4.626990000000000158e+00
4.784980000000000011e+00
4.924299999999999677e+00
5.046680000000000277e+00
5.155260000000000176e+00
5.250969999999999693e+00
5.336210000000000342e+00
5.411640000000000228e+00
5.479140000000000121e+00
5.539119999999999600e+00
5.593119999999999870e+00
5.641519999999999868e+00
5.685509999999999842e+00
5.725299999999999834e+00
5.761899999999999800e+00
5.795469999999999899e+00
5.826789999999999914e+00
5.855889999999999596e+00
5.883429999999999715e+00
5.909449999999999648e+00
5.934420000000000250e+00
5.958289999999999864e+00
5.981469999999999843e+00
6.003960000000000186e+00
6.026010000000000311e+00
6.047559999999999825e+00
6.068850000000000300e+00
6.089879999999999960e+00
6.110759999999999970e+00
6.131450000000000067e+00
6.152070000000000149e+00
6.172640000000000349e+00
6.193200000000000038e+00
6.213689999999999714e+00
6.234219999999999651e+00
6.254769999999999719e+00
6.275350000000000428e+00
6.295939999999999870e+00
6.316589999999999705e+00
6.337299999999999933e+00
6.358030000000000292e+00
6.378809999999999647e+00
6.399619999999999642e+00
6.420539999999999914e+00
6.441449999999999676e+00
6.462439999999999962e+00
6.483419999999999739e+00
6.504529999999999923e+00
6.525579999999999714e+00
6.546770000000000422e+00
6.567870000000000097e+00
6.589199999999999946e+00
6.610339999999999883e+00
6.631730000000000125e+00
6.652899999999999814e+00
6.674439999999999706e+00
6.695619999999999905e+00
6.717229999999999812e+00
6.738459999999999894e+00
6.760189999999999699e+00
6.781450000000000422e+00
6.803230000000000111e+00
6.824569999999999581e+00
6.846460000000000434e+00
6.867849999999999788e+00
6.889800000000000146e+00
6.911290000000000155e+00
6.933370000000000033e+00
6.954939999999999678e+00
6.977089999999999570e+00
6.998809999999999754e+00
7.021110000000000184e+00
7.042950000000000266e+00
7.065360000000000085e+00
7.087410000000000210e+00
7.109989999999999810e+00
7.132220000000000226e+00
7.154950000000000365e+00
7.177450000000000330e+00
7.200400000000000134e+00
7.223160000000000025e+00
7.246319999999999872e+00
7.269429999999999836e+00
7.292860000000000120e+00
7.316309999999999647e+00
7.339999999999999858e+00
7.363900000000000112e+00
7.387909999999999755e+00
7.412230000000000096e+00
7.436569999999999681e+00
7.461420000000000385e+00
7.486130000000000173e+00
7.511459999999999582e+00
7.536559999999999704e+00
7.562470000000000248e+00
7.587979999999999947e+00
7.614379999999999704e+00
7.640329999999999622e+00
7.667309999999999626e+00
7.693660000000000387e+00
7.721110000000000362e+00
7.747849999999999682e+00
7.775820000000000398e+00
7.802889999999999660e+00
7.831190000000000317e+00
7.858550000000000146e+00
7.887190000000000367e+00
7.914699999999999847e+00
7.943399999999999572e+00
7.970959999999999823e+00
7.999640000000000306e+00
8.027020000000000266e+00
8.055260000000000531e+00
8.082209999999999894e+00
8.109809999999999519e+00
8.135830000000000339e+00
8.162110000000000198e+00
8.186629999999999185e+00
8.210910000000000153e+00
8.232810000000000628e+00
8.253659999999999997e+00
8.271470000000000766e+00
8.286809999999999121e+00
8.297530000000000072e+00
8.303409999999999513e+00
8.302210000000000534e+00
8.292089999999999961e+00
8.270099999999999341e+00
8.231840000000000046e+00
8.172860000000000014e+00
8.083869999999999223e+00
7.957679999999999865e+00
7.776139999999999830e+00
7.527449999999999974e+00
7.171289999999999942e+00
6.708260000000000112e+00
6.085709999999999731e+00
5.145270000000000010e+00
3.774669999999999970e+00
1.498399999999999954e+00
-1.687410000000000077e+00
-5.173140000000000072e+00
-8.257179999999999964e+00
-1.048588999999999949e+01
-1.174700999999999951e+01
-1.208816999999999986e+01
-1.153495000000000026e+01
-1.002979000000000021e+01
-7.604040000000000354e+00
-4.568030000000000257e+00
-1.571479999999999988e+00
6.531000000000000139e-01
1.753589999999999982e+00
2.101170000000000204e+00
1.903480000000000061e+00
1.166649999999999965e+00
-6.807000000000000550e-02
-1.806750000000000078e+00
-4.136359999999999815e+00
-6.953610000000000291e+00
-9.812649999999999650e+00
-1.227266000000000012e+01
-1.404705000000000048e+01
-1.504894999999999960e+01
-1.527355999999999980e+01
-1.473483000000000054e+01
-1.341028000000000020e+01
-1.133933999999999997e+01
-8.688610000000000610e+00
-5.842570000000000263e+00
-3.270199999999999996e+00
-1.292980000000000018e+00
1.399600000000000011e-01
1.077099999999999946e+00
1.507190000000000030e+00
1.377860000000000085e+00
6.790599999999999969e-01
-9.991799999999999571e-01
-3.727300000000000058e+00
-6.885290000000000354e+00
-9.760329999999999728e+00
-1.184877999999999965e+01
-1.301557999999999993e+01
-1.329818999999999996e+01
-1.273264999999999958e+01
-1.125465999999999944e+01
-8.872220000000000439e+00
-5.848609999999999864e+00
-2.809159999999999879e+00
-4.773000000000000020e-01
7.166700000000000292e-01
1.114950000000000108e+00
9.711800000000000432e-01
2.740299999999999958e-01
-9.124600000000000488e-01
-2.605069999999999997e+00
-4.877119999999999678e+00
-7.665919999999999845e+00
-1.053979999999999961e+01
-1.305626999999999960e+01
-1.490085000000000015e+01
-1.598054999999999914e+01
-1.627708000000000155e+01
-1.581296999999999997e+01
-1.456020000000000003e+01
-1.255461999999999989e+01
-9.943220000000000169e+00
-7.094829999999999970e+00
-4.475710000000000299e+00
-2.441500000000000004e+00
-9.575599999999999667e-01
2.915999999999999842e-02
5.090099999999999625e-01
4.387599999999999834e-01
-1.968000000000000027e-01
-1.760950000000000015e+00
-4.406229999999999869e+00
-7.554140000000000299e+00
-1.048128999999999955e+01
-1.265362000000000009e+01
-1.390623000000000076e+01
-1.426701000000000086e+01
-1.378217000000000070e+01
-1.238936999999999955e+01
-1.008582999999999963e+01
-7.097550000000000026e+00
-4.027730000000000032e+00
-1.601369999999999960e+00
-2.988799999999999790e-01
1.518299999999999927e-01
6.574000000000000676e-02
-5.785000000000000142e-01
-1.718939999999999912e+00
-3.355879999999999974e+00
-5.567800000000000082e+00
-8.320090000000000430e+00
-1.120443999999999996e+01
-1.376917000000000080e+01
-1.568454000000000015e+01
-1.683643999999999963e+01
-1.720667999999999864e+01
-1.681314000000000064e+01
-1.563530000000000086e+01
-1.369617000000000040e+01
-1.113100000000000023e+01
-8.287979999999999237e+00
-5.630189999999999806e+00
-3.539979999999999905e+00
-2.014549999999999841e+00
-9.802499999999999547e-01
-4.538300000000000112e-01
-4.764599999999999946e-01
-1.045549999999999979e+00
-2.506530000000000147e+00
-5.062599999999999767e+00
-8.192069999999999297e+00
-1.116521999999999970e+01
-1.341759000000000057e+01
-1.475345000000000084e+01
-1.519083999999999968e+01
-1.478096999999999994e+01
-1.347015999999999991e+01
-1.123920999999999992e+01
-8.288769999999999527e+00
-5.185559999999999725e+00
-2.667229999999999990e+00
-1.255810000000000093e+00
-7.411600000000000410e-01
-7.821399999999999464e-01
-1.376079999999999970e+00
-2.476389999999999869e+00
-4.071320000000000050e+00
-6.226720000000000255e+00
-8.944889999999999119e+00
-1.184027999999999992e+01
-1.445243999999999929e+01
-1.643155000000000143e+01
-1.764180999999999955e+01
-1.805733000000000033e+01
-1.770122999999999891e+01
-1.655881000000000114e+01
-1.465204999999999913e+01
-1.209384999999999977e+01
-9.203609999999999403e+00
-6.420510000000000161e+00
-4.123429999999999929e+00
-2.317989999999999995e+00
-8.854100000000000303e-01
1.626199999999999868e-01
9.377400000000000180e-01
1.540140000000000065e+00
2.018390000000000128e+00
2.403620000000000090e+00
2.722809999999999953e+00
2.993459999999999788e+00
3.227069999999999883e+00
3.432939999999999880e+00
3.615930000000000089e+00
3.781130000000000102e+00
3.930410000000000181e+00
4.067179999999999573e+00
4.192009999999999792e+00
4.307249999999999801e+00
4.413050000000000139e+00
4.511280000000000179e+00
4.602009999999999934e+00
4.686429999999999652e+00
4.764850000000000030e+00
4.838059999999999583e+00
4.906589999999999563e+00
4.970699999999999896e+00
5.031159999999999854e+00
5.087979999999999947e+00
5.142059999999999853e+00
5.193010000000000126e+00
5.241950000000000109e+00
5.288260000000000183e+00
5.333210000000000228e+00
5.375810000000000421e+00
5.417530000000000179e+00
5.457270000000000287e+00
5.496520000000000294e+00
5.533929999999999794e+00
5.571180000000000021e+00
5.606819999999999915e+00
5.642540000000000333e+00
5.676709999999999923e+00
5.711170000000000080e+00
5.744239999999999569e+00
5.777739999999999654e+00
5.809859999999999580e+00
