-1.329338973300000077e+02
-1.341646304500000042e+02
-1.320295787199999893e+02
-1.326488955300000043e+02
-1.304452102500000024e+02
-1.333062544500000115e+02
-1.327442615200000091e+02
-1.348014830900000049e+02
-1.331891985299999988e+02
-1.345587946400000021e+02
-1.331790131799999983e+02
-1.347511895499999923e+02
-1.338824878000000069e+02
-1.355746746700000074e+02
-1.319719959500000073e+02
-1.324455651099999898e+02
-1.314372581499999910e+02
-1.329950145900000109e+02
-1.348645170400000097e+02
-1.352385352299999965e+02
