-2.96	0.00732
-2.91837	0.00845
-2.87674	0.00951
-2.83511	0.01047
-2.79348	0.01132
-2.75185	0.01203
-2.71022	0.01261
-2.66859	0.01308
-2.62696	0.01344
-2.58533	0.01372
-2.5437	0.01394
-2.50206	0.01411
-2.46043	0.01426
-2.4188	0.01439
-2.37717	0.0145
-2.33554	0.01461
-2.29391	0.01472
-2.25228	0.01483
-2.21065	0.01494
-2.16902	0.01505
-2.12739	0.01516
-2.08576	0.01527
-2.04413	0.01538
-2.0025	0.0155
-1.96087	0.01562
-1.91924	0.01574
-1.87761	0.01586
-1.83598	0.01599
-1.79435	0.01611
-1.75272	0.01624
-1.71109	0.01638
-1.66945	0.01651
-1.62782	0.01665
-1.58619	0.01679
-1.54456	0.01694
-1.50293	0.01708
-1.4613	0.01724
-1.41967	0.01739
-1.37804	0.01755
-1.33641	0.01772
-1.29478	0.01789
-1.25315	0.01806
-1.21152	0.01825
-1.16989	0.01844
-1.12826	0.01863
-1.08663	0.01884
-1.045	0.01905
-1.00337	0.01928
-0.96174	0.01952
-0.92011	0.01978
-0.87848	0.02006
-0.83685	0.02036
-0.79521	0.02069
-0.75358	0.02106
-0.71195	0.02148
-0.67032	0.02197
-0.62869	0.02255
-0.58706	0.02326
-0.54543	0.02412
-0.5038	0.0252
-0.46217	0.02655
-0.42054	0.02824
-0.37891	0.03034
-0.33728	0.03288
-0.29565	0.03592
-0.25402	0.03942
-0.21239	0.04334
-0.17076	0.04754
-0.12913	0.05184
-0.0875	0.05599
-0.04587	0.05973
-0.00424	0.06278
0.03739	0.06491
0.07903	0.06596
0.12066	0.06586
0.16229	0.06464
0.20392	0.06245
0.24555	0.05949
0.28718	0.05603
0.32881	0.05233
0.37044	0.04865
0.41207	0.04518
0.4537	0.04208
0.49533	0.03942
0.53696	0.03724
0.57859	0.03553
0.62022	0.03424
0.66185	0.03332
0.70348	0.03271
0.74511	0.03235
0.78674	0.03219
0.82837	0.03219
0.87	0.03231
0.91164	0.03254
0.95327	0.03285
0.9949	0.03325
1.03653	0.03373
1.07816	0.03428
1.11979	0.03492
1.16142	0.03564
1.20305	0.03646
1.24468	0.03738
1.28631	0.03841
1.32794	0.03956
1.36957	0.04081
1.4112	0.04216
1.45283	0.04359
1.49446	0.04508
1.53609	0.04659
1.57772	0.04808
1.61935	0.04951
1.66098	0.05086
1.70261	0.05211
1.74424	0.05325
1.78588	0.0543
1.82751	0.0553
1.86914	0.05629
1.91077	0.05735
1.9524	0.05855
1.99403	0.05996
2.03566	0.06165
2.07729	0.06368
2.11892	0.0661
2.16055	0.06891
2.20218	0.07213
2.24381	0.07571
2.28544	0.07962
2.32707	0.08376
2.3687	0.08805
2.41033	0.09238
2.45196	0.09664
2.49359	0.10073
2.53522	0.10459
2.57685	0.10818
2.61848	0.11147
2.66012	0.11448
2.70175	0.11727
2.74338	0.11989
2.78501	0.12242
2.82664	0.12494
2.86827	0.12753
2.9099	0.13026
2.95153	0.1332
2.99316	0.13641
3.03479	0.13995
3.07642	0.14386
3.11805	0.14817
3.15968	0.1529
3.20131	0.15802
3.24294	0.16348
3.28457	0.16922
3.3262	0.17514
3.36783	0.18113
3.40946	0.18707
3.45109	0.19287
3.49273	0.19847
3.53436	0.20382
3.57599	0.20896
3.61762	0.21395
3.65925	0.21891
3.70088	0.22397
3.74251	0.22931
3.78414	0.23507
3.82577	0.24139
3.8674	0.24835
3.90903	0.256
3.95066	0.26431
3.99229	0.27321
4.03392	0.28258
4.07555	0.29228
4.11718	0.30217
4.15881	0.31211
4.20044	0.32203
4.24207	0.33189
4.2837	0.34171
4.32533	0.35157
4.36697	0.36157
4.4086	0.37183
4.45023	0.38245
4.49186	0.39349
4.53349	0.40495
4.57512	0.41677
4.61675	0.42881
4.65838	0.44089
4.70001	0.45276
4.74164	0.46422
4.78327	0.47502
4.8249	0.485
4.86653	0.49403
4.90816	0.50207
4.94979	0.50912
4.99142	0.51525
5.03305	0.52057
5.07468	0.52523
5.11631	0.52936
5.15794	0.53311
5.19957	0.53659
5.24121	0.53992
5.28284	0.5432
5.32447	0.54649
5.3661	0.5499
5.40773	0.55353
5.44936	0.55748
5.49099	0.5619
5.53262	0.56693
5.57425	0.57274
5.61588	0.57945
5.65751	0.58721
5.69914	0.59607
5.74077	0.60607
5.7824	0.61714
5.82403	0.62918
5.86566	0.64197
5.90729	0.65528
5.94892	0.6688
5.99055	0.68221
6.03218	0.69516
6.07382	0.70736
6.11545	0.71852
6.15708	0.72842
6.19871	0.73692
6.24034	0.74394
6.28197	0.74949
6.3236	0.75363
6.36523	0.75653
6.40686	0.75837
6.44849	0.75939
6.49012	0.75985
6.53175	0.76003
6.57338	0.7602
6.61501	0.7606
6.65664	0.76147
6.69827	0.76298
6.7399	0.76528
6.78153	0.76847
6.82316	0.77261
6.86479	0.7777
6.90642	0.78369
6.94806	0.79051
6.98969	0.79801
7.03132	0.80607
7.07295	0.81448
7.11458	0.82308
7.15621	0.83168
7.19784	0.84009
7.23947	0.84818
7.2811	0.85582
7.32273	0.86293
7.36436	0.86947
7.40599	0.87544
7.44762	0.88088
7.48925	0.88589
7.53088	0.89056
7.57251	0.89505
7.61414	0.89949
7.65577	0.90405
7.6974	0.90887
7.73903	0.91408
7.78066	0.91975
7.8223	0.92595
7.86393	0.93268
7.90556	0.93988
7.94719	0.94745
7.98882	0.95525
8.03045	0.9631
8.07208	0.97077
8.11371	0.97805
8.15534	0.98467
8.19697	0.99039
8.2386	0.99499
8.28023	0.99825
8.32186	0.99997
8.36349	1
8.40512	0.99821
8.44675	0.99452
8.48838	0.98888
8.53001	0.98127
8.57164	0.97171
8.61327	0.96028
8.65491	0.94704
8.69654	0.9321
8.73817	0.9156
8.7798	0.89766
8.82143	0.87843
8.86306	0.85808
8.90469	0.83675
8.94632	0.81463
8.98795	0.79187
9.02958	0.76865
9.07121	0.74516
9.11284	0.72156
9.15447	0.69802
9.1961	0.67473
9.23773	0.65184
9.27936	0.62949
9.32099	0.60781
9.36262	0.58692
9.40425	0.56691
9.44588	0.54785
9.48751	0.52978
9.52915	0.51275
9.57078	0.49677
9.61241	0.48185
9.65404	0.46798
9.69567	0.45516
9.7373	0.44337
9.77893	0.43259
9.82056	0.42283
9.86219	0.41405
9.90382	0.40626
9.94545	0.39943
9.98708	0.39355
10.02871	0.38861
10.07034	0.38459
10.11197	0.38145
10.1536	0.37917
10.19523	0.3777
10.23686	0.37697
10.27849	0.37693
10.32012	0.37751
10.36175	0.3786
10.40339	0.38012
10.44502	0.38197
10.48665	0.38404
10.52828	0.38623
10.56991	0.38844
10.61154	0.39057
10.65317	0.39253
10.6948	0.39425
10.73643	0.39567
10.77806	0.39673
10.81969	0.3974
10.86132	0.39767
10.90295	0.39753
10.94458	0.39699
10.98621	0.39606
11.02784	0.39477
11.06947	0.39317
11.1111	0.39129
11.15273	0.38917
11.19436	0.38686
11.236	0.38441
11.27763	0.38187
11.31926	0.37926
11.36089	0.37663
11.40252	0.37402
11.44415	0.37145
11.48578	0.36895
11.52741	0.36654
11.56904	0.36425
11.61067	0.36208
11.6523	0.36005
11.69393	0.35818
11.73556	0.35646
11.77719	0.3549
11.81882	0.3535
11.86045	0.35227
11.90208	0.3512
11.94371	0.35029
11.98534	0.34951
12.02697	0.34887
12.0686	0.34836
12.11024	0.34795
12.15187	0.34764
12.1935	0.3474
12.23513	0.34724
12.27676	0.34714
12.31839	0.34708
12.36002	0.34707
12.40165	0.34708
12.44328	0.34711
12.48491	0.34716
12.52654	0.34721
12.56817	0.34727
12.6098	0.34733
12.65143	0.34738
12.69306	0.34743
12.73469	0.34746
12.77632	0.34749
12.81795	0.34752
12.85958	0.34755
12.90121	0.3476
12.94284	0.34767
12.98448	0.34777
13.02611	0.34791
13.06774	0.34812
13.10937	0.34839
13.151	0.34874
13.19263	0.34918
13.23426	0.3497
13.27589	0.35031
13.31752	0.351
13.35915	0.35176
13.40078	0.35259
13.44241	0.35348
13.48404	0.35439
13.52567	0.35533
13.5673	0.35626
13.60893	0.35717
13.65056	0.35805
13.69219	0.35886
13.73382	0.3596
13.77545	0.36025
13.81709	0.36078
13.85872	0.36119
13.90035	0.36146
13.94198	0.36158
13.98361	0.36154
14.02524	0.36132
14.06687	0.36091
14.1085	0.36031
14.15013	0.35949
14.19176	0.35846
14.23339	0.3572
14.27502	0.35571
14.31665	0.35398
14.35828	0.35201
14.39991	0.3498
14.44154	0.34734
14.48317	0.34466
14.5248	0.34174
14.56643	0.33862
14.60806	0.3353
14.64969	0.33181
14.69133	0.32817
14.73296	0.3244
14.77459	0.32053
14.81622	0.3166
14.85785	0.31263
14.89948	0.30864
14.94111	0.30467
14.98274	0.30075
15.02437	0.29689
15.066	0.29311
15.10763	0.28944
15.14926	0.28588
15.19089	0.28246
15.23252	0.27918
15.27415	0.27605
15.31578	0.27306
15.35741	0.27024
15.39904	0.26756
15.44067	0.26503
15.4823	0.26266
15.52393	0.26042
15.56557	0.25832
15.6072	0.25635
15.64883	0.25449
15.69046	0.25275
15.73209	0.25111
15.77372	0.24955
15.81535	0.24807
15.85698	0.24666
15.89861	0.2453
15.94024	0.24399
15.98187	0.2427
16.0235	0.24144
16.06513	0.2402
16.10676	0.23895
16.14839	0.2377
16.19002	0.23644
16.23165	0.23515
16.27328	0.23385
16.31491	0.23251
16.35654	0.23114
16.39818	0.22973
16.43981	0.2283
16.48144	0.22683
16.52307	0.22532
16.5647	0.22379
16.60633	0.22224
16.64796	0.22068
16.68959	0.2191
16.73122	0.21753
16.77285	0.21597
16.81448	0.21443
16.85611	0.21292
16.89774	0.21145
16.93937	0.21003
16.981	0.20867
17.02263	0.20739
17.06426	0.20618
17.10589	0.20506
17.14752	0.20403
17.18915	0.20309
17.23078	0.20226
17.27242	0.20152
17.31405	0.20088
17.35568	0.20033
17.39731	0.19988
17.43894	0.1995
17.48057	0.19921
17.5222	0.19898
17.56383	0.1988
17.60546	0.19868
17.64709	0.19859
17.68872	0.19852
17.73035	0.19846
17.77198	0.19841
17.81361	0.19834
17.85524	0.19826
17.89687	0.19815
17.9385	0.198
17.98013	0.19781
18.02176	0.19759
18.06339	0.19732
18.10502	0.19701
18.14666	0.19666
18.18829	0.19628
18.22992	0.19586
18.27155	0.19543
18.31318	0.19498
18.35481	0.19453
18.39644	0.19408
18.43807	0.19364
18.4797	0.19323
18.52133	0.19284
18.56296	0.19249
18.60459	0.19219
18.64622	0.19193
18.68785	0.19173
18.72948	0.19159
18.77111	0.1915
18.81274	0.19148
18.85437	0.19152
18.896	0.19162
18.93763	0.19178
18.97927	0.19201
19.0209	0.19228
19.06253	0.19262
19.10416	0.19301
19.14579	0.19345
19.18742	0.19394
19.22905	0.19449
19.27068	0.19508
19.31231	0.19572
19.35394	0.19642
19.39557	0.19716
19.4372	0.19795
19.47883	0.1988
19.52046	0.1997
19.56209	0.20066
19.60372	0.20167
19.64535	0.20273
19.68698	0.20386
19.72861	0.20504
19.77024	0.20627
19.81187	0.20757
19.85351	0.20892
19.89514	0.21032
19.93677	0.21177
19.9784	0.21327
20.02003	0.21482
20.06166	0.2164
20.10329	0.21802
20.14492	0.21968
20.18655	0.22136
20.22818	0.22306
20.26981	0.22478
20.31144	0.22651
20.35307	0.22825
20.3947	0.23
20.43633	0.23174
20.47796	0.23348
20.51959	0.23521
20.56122	0.23694
20.60285	0.23865
20.64448	0.24034
20.68612	0.24202
20.72775	0.24369
20.76938	0.24534
20.81101	0.24697
20.85264	0.24859
20.89427	0.25019
20.9359	0.25179
20.97753	0.25337
21.01916	0.25494
21.06079	0.25651
21.10242	0.25807
21.14405	0.25963
21.18568	0.26119
21.22731	0.26276
21.26894	0.26433
21.31057	0.2659
21.3522	0.26748
21.39383	0.26907
21.43546	0.27067
21.47709	0.27228
21.51872	0.2739
21.56036	0.27554
21.60199	0.27718
21.64362	0.27884
21.68525	0.28051
21.72688	0.28218
21.76851	0.28387
21.81014	0.28557
21.85177	0.28727
21.8934	0.28899
21.93503	0.2907
21.97666	0.29243
22.01829	0.29415
22.05992	0.29588
22.10155	0.29761
22.14318	0.29933
22.18481	0.30106
22.22644	0.30278
22.26807	0.3045
22.3097	0.30621
22.35133	0.30792
22.39296	0.30962
22.4346	0.31132
22.47623	0.313
22.51786	0.31468
22.55949	0.31634
22.60112	0.318
22.64275	0.31964
22.68438	0.32127
22.72601	0.32289
22.76764	0.32449
22.80927	0.32608
22.8509	0.32764
22.89253	0.32919
22.93416	0.33072
22.97579	0.33222
23.01742	0.3337
23.05905	0.33514
23.10068	0.33655
23.14231	0.33793
23.18394	0.33927
23.22557	0.34057
23.26721	0.34183
23.30884	0.34304
23.35047	0.34419
23.3921	0.3453
23.43373	0.34636
23.47536	0.34736
23.51699	0.3483
23.55862	0.34919
23.60025	0.35002
23.64188	0.3508
23.68351	0.35153
23.72514	0.3522
23.76677	0.35282
23.8084	0.3534
23.85003	0.35394
23.89166	0.35444
23.93329	0.35491
23.97492	0.35534
24.01655	0.35576
24.05818	0.35616
24.09981	0.35655
24.14145	0.35694
24.18308	0.35733
24.22471	0.35773
24.26634	0.35815
24.30797	0.3586
24.3496	0.35907
24.39123	0.35958
24.43286	0.36014
24.47449	0.36074
24.51612	0.36141
24.55775	0.36213
24.59938	0.36292
24.64101	0.36379
24.68264	0.36473
24.72427	0.36575
24.7659	0.36685
24.80753	0.36805
24.84916	0.36933
24.89079	0.3707
24.93242	0.37216
24.97405	0.37371
25.01569	0.37535
25.05732	0.37708
25.09895	0.37889
25.14058	0.38079
25.18221	0.38276
25.22384	0.38481
25.26547	0.38693
25.3071	0.38911
25.34873	0.39136
25.39036	0.39365
25.43199	0.39599
25.47362	0.39837
25.51525	0.40078
25.55688	0.40322
25.59851	0.40567
25.64014	0.40814
25.68177	0.4106
25.7234	0.41306
25.76503	0.41551
25.80666	0.41794
25.8483	0.42035
25.88993	0.42272
25.93156	0.42506
25.97319	0.42735
26.01482	0.42959
26.05645	0.43178
26.09808	0.43391
26.13971	0.43597
26.18134	0.43798
26.22297	0.43991
26.2646	0.44177
26.30623	0.44356
26.34786	0.44527
26.38949	0.4469
26.43112	0.44846
26.47275	0.44994
26.51438	0.45134
26.55601	0.45267
26.59764	0.45391
26.63927	0.45508
26.6809	0.45617
26.72254	0.45719
26.76417	0.45813
26.8058	0.45899
26.84743	0.45978
26.88906	0.4605
26.93069	0.46115
26.97232	0.46173
27.01395	0.46224
27.05558	0.46269
27.09721	0.46307
27.13884	0.46338
27.18047	0.46363
27.2221	0.46382
27.26373	0.46395
27.30536	0.46401
27.34699	0.46402
27.38862	0.46397
27.43025	0.46386
27.47188	0.4637
27.51351	0.46348
27.55514	0.4632
27.59678	0.46288
27.63841	0.4625
27.68004	0.46207
27.72167	0.46158
27.7633	0.46105
27.80493	0.46046
27.84656	0.45983
27.88819	0.45914
27.92982	0.45841
27.97145	0.45762
28.01308	0.45678
28.05471	0.4559
28.09634	0.45496
28.13797	0.45397
28.1796	0.45292
28.22123	0.45183
28.26286	0.45068
28.30449	0.44947
28.34612	0.44821
28.38775	0.4469
28.42939	0.44553
28.47102	0.4441
28.51265	0.44262
28.55428	0.44108
28.59591	0.43949
28.63754	0.43784
28.67917	0.43613
28.7208	0.43437
28.76243	0.43255
28.80406	0.43068
28.84569	0.42876
28.88732	0.42678
28.92895	0.42475
28.97058	0.42268
29.01221	0.42056
29.05384	0.41839
29.09547	0.41618
29.1371	0.41393
29.17873	0.41164
29.22036	0.40932
29.26199	0.40696
29.30363	0.40458
29.34526	0.40217
29.38689	0.39973
29.42852	0.39727
29.47015	0.3948
29.51178	0.39231
29.55341	0.38981
29.59504	0.3873
29.63667	0.38479
29.6783	0.38228
29.71993	0.37977
29.76156	0.37727
29.80319	0.37478
29.84482	0.3723
29.88645	0.36983
29.92808	0.36738
29.96971	0.36496
30.01134	0.36256
30.05297	0.36018
30.0946	0.35784
30.13623	0.35552
30.17787	0.35324
30.2195	0.351
30.26113	0.34879
30.30276	0.34663
30.34439	0.3445
30.38602	0.34242
30.42765	0.34039
30.46928	0.3384
30.51091	0.33645
30.55254	0.33456
30.59417	0.33271
30.6358	0.3309
30.67743	0.32915
30.71906	0.32744
30.76069	0.32578
30.80232	0.32417
30.84395	0.3226
30.88558	0.32108
30.92721	0.3196
30.96884	0.31817
31.01048	0.31677
31.05211	0.31542
31.09374	0.31411
31.13537	0.31283
31.177	0.31159
31.21863	0.31038
31.26026	0.3092
31.30189	0.30805
31.34352	0.30693
31.38515	0.30583
31.42678	0.30475
31.46841	0.30368
31.51004	0.30264
31.55167	0.30161
31.5933	0.30059
31.63493	0.29957
31.67656	0.29857
31.71819	0.29756
31.75982	0.29656
31.80145	0.29556
31.84308	0.29455
31.88472	0.29354
31.92635	0.29252
31.96798	0.2915
32.00961	0.29046
32.05124	0.28941
32.09287	0.28836
32.1345	0.28729
32.17613	0.2862
32.21776	0.28511
32.25939	0.284
32.30102	0.28288
32.34265	0.28175
32.38428	0.28061
32.42591	0.27946
32.46754	0.27829
32.50917	0.27713
32.5508	0.27595
32.59243	0.27478
32.63406	0.2736
32.67569	0.27242
32.71732	0.27124
32.75896	0.27006
32.80059	0.26889
32.84222	0.26772
32.88385	0.26656
32.92548	0.26542
32.96711	0.26428
33.00874	0.26316
33.05037	0.26205
33.092	0.26096
33.13363	0.25988
33.17526	0.25883
33.21689	0.25779
33.25852	0.25677
33.30015	0.25578
33.34178	0.25481
33.38341	0.25386
33.42504	0.25294
33.46667	0.25204
33.5083	0.25116
33.54993	0.25031
33.59157	0.24949
33.6332	0.24869
33.67483	0.24792
33.71646	0.24717
33.75809	0.24645
33.79972	0.24576
33.84135	0.24509
33.88298	0.24445
33.92461	0.24383
33.96624	0.24324
34.00787	0.24268
34.0495	0.24214
34.09113	0.24163
34.13276	0.24115
34.17439	0.24069
34.21602	0.24025
34.25765	0.23984
34.29928	0.23945
34.34091	0.23909
34.38254	0.23875
34.42417	0.23843
34.46581	0.23814
34.50744	0.23787
34.54907	0.23762
34.5907	0.23739
34.63233	0.23719
34.67396	0.237
34.71559	0.23683
34.75722	0.23669
34.79885	0.23656
34.84048	0.23645
34.88211	0.23636
34.92374	0.23629
34.96537	0.23623
35.007	0.23619
35.04863	0.23616
35.09026	0.23615
35.13189	0.23615
35.17352	0.23617
35.21515	0.2362
35.25678	0.23624
35.29841	0.23629
35.34005	0.23635
35.38168	0.23641
35.42331	0.23649
35.46494	0.23658
35.50657	0.23667
35.5482	0.23677
35.58983	0.23687
35.63146	0.23698
35.67309	0.2371
35.71472	0.23722
35.75635	0.23734
35.79798	0.23746
35.83961	0.23758
35.88124	0.23771
35.92287	0.23784
35.9645	0.23796
36.00613	0.23809
36.04776	0.23822
36.08939	0.23835
36.13102	0.23847
36.17266	0.2386
36.21429	0.23872
36.25592	0.23884
36.29755	0.23896
36.33918	0.23908
36.38081	0.2392
36.42244	0.23931
36.46407	0.23943
36.5057	0.23954
36.54733	0.23965
36.58896	0.23976
36.63059	0.23987
36.67222	0.23998
36.71385	0.24009
36.75548	0.24019
36.79711	0.2403
36.83874	0.2404
36.88037	0.2405
36.922	0.24061
36.96363	0.24071
37.00526	0.24082
37.0469	0.24092
37.08853	0.24102
37.13016	0.24112
37.17179	0.24123
37.21342	0.24133
37.25505	0.24144
37.29668	0.24154
37.33831	0.24164
37.37994	0.24175
37.42157	0.24185
37.4632	0.24196
37.50483	0.24206
37.54646	0.24217
37.58809	0.24228
37.62972	0.24238
37.67135	0.24249
37.71298	0.24259
37.75461	0.2427
37.79624	0.2428
37.83787	0.2429
37.8795	0.243
37.92114	0.24311
37.96277	0.24321
38.0044	0.2433
38.04603	0.2434
38.08766	0.24349
38.12929	0.24358
38.17092	0.24367
38.21255	0.24376
38.25418	0.24384
38.29581	0.24392
38.33744	0.24399
38.37907	0.24406
38.4207	0.24413
38.46233	0.24419
38.50396	0.24424
38.54559	0.24429
38.58722	0.24433
38.62885	0.24437
38.67048	0.2444
38.71211	0.24442
38.75375	0.24444
38.79538	0.24445
38.83701	0.24445
38.87864	0.24445
38.92027	0.24443
38.9619	0.24441
39.00353	0.24439
39.04516	0.24435
39.08679	0.24431
39.12842	0.24426
39.17005	0.2442
39.21168	0.24414
39.25331	0.24407
39.29494	0.24399
39.33657	0.24391
39.3782	0.24382
39.41983	0.24372
39.46146	0.24362
39.50309	0.24351
39.54472	0.2434
39.58635	0.24328
39.62799	0.24316
39.66962	0.24304
39.71125	0.24291
39.75288	0.24277
39.79451	0.24263
39.83614	0.24249
39.87777	0.24235
39.9194	0.2422
39.96103	0.24205
40.00266	0.24189
40.04429	0.24173
40.08592	0.24157
40.12755	0.24141
40.16918	0.24124
40.21081	0.24108
40.25244	0.24091
40.29407	0.24073
40.3357	0.24056
40.37733	0.24038
40.41896	0.2402
40.46059	0.24002
40.50223	0.23983
40.54386	0.23965
40.58549	0.23946
40.62712	0.23927
40.66875	0.23907
40.71038	0.23888
40.75201	0.23868
40.79364	0.23848
40.83527	0.23828
40.8769	0.23808
40.91853	0.23787
40.96016	0.23767
41.00179	0.23746
41.04342	0.23726
41.08505	0.23705
41.12668	0.23684
41.16831	0.23664
41.20994	0.23643
41.25157	0.23622
41.2932	0.23602
41.33484	0.23582
41.37647	0.23562
41.4181	0.23542
41.45973	0.23522
41.50136	0.23502
41.54299	0.23483
41.58462	0.23464
41.62625	0.23445
41.66788	0.23427
41.70951	0.23409
41.75114	0.23391
41.79277	0.23373
41.8344	0.23356
41.87603	0.2334
41.91766	0.23323
41.95929	0.23307
42.00092	0.23292
42.04255	0.23277
42.08418	0.23262
42.12581	0.23247
42.16744	0.23233
42.20908	0.23219
42.25071	0.23205
42.29234	0.23192
42.33397	0.23179
42.3756	0.23166
42.41723	0.23153
42.45886	0.23141
42.50049	0.23129
42.54212	0.23117
42.58375	0.23105
42.62538	0.23093
42.66701	0.23081
42.70864	0.23069
42.75027	0.23058
42.7919	0.23046
42.83353	0.23035
42.87516	0.23023
42.91679	0.23012
42.95842	0.23
43.00005	0.22989
43.04168	0.22977
43.08332	0.22965
43.12495	0.22953
43.16658	0.22942
43.20821	0.2293
43.24984	0.22918
43.29147	0.22906
43.3331	0.22894
43.37473	0.22882
43.41636	0.22869
43.45799	0.22857
43.49962	0.22844
43.54125	0.22832
43.58288	0.22819
43.62451	0.22806
43.66614	0.22793
43.70777	0.2278
43.7494	0.22767
43.79103	0.22753
43.83266	0.2274
43.87429	0.22726
43.91593	0.22712
43.95756	0.22697
43.99919	0.22683
44.04082	0.22668
44.08245	0.22652
44.12408	0.22637
44.16571	0.22621
44.20734	0.22604
44.24897	0.22587
44.2906	0.2257
44.33223	0.22552
44.37386	0.22533
44.41549	0.22514
44.45712	0.22494
44.49875	0.22473
44.54038	0.22451
44.58201	0.22428
44.62364	0.22405
44.66527	0.2238
44.7069	0.22354
44.74853	0.22327
44.79017	0.22299
44.8318	0.2227
44.87343	0.22239
44.91506	0.22207
44.95669	0.22173
44.99832	0.22138
45.03995	0.22101
45.08158	0.22063
45.12321	0.22022
45.16484	0.2198
45.20647	0.21936
45.2481	0.21891
45.28973	0.21843
45.33136	0.21793
45.37299	0.21741
45.41462	0.21687
45.45625	0.21631
45.49788	0.21573
45.53951	0.21512
45.58114	0.21449
45.62278	0.21384
45.66441	0.21317
45.70604	0.21247
45.74767	0.21175
45.7893	0.211
45.83093	0.21023
45.87256	0.20944
45.91419	0.20863
45.95582	0.20778
45.99745	0.20692
46.03908	0.20603
46.08071	0.20512
46.12234	0.20418
46.16397	0.20322
46.2056	0.20224
46.24723	0.20124
46.28886	0.20021
46.33049	0.19916
46.37212	0.19809
46.41375	0.19699
46.45538	0.19587
46.49702	0.19474
46.53865	0.19358
46.58028	0.1924
46.62191	0.1912
46.66354	0.18999
46.70517	0.18875
46.7468	0.18749
46.78843	0.18622
46.83006	0.18493
46.87169	0.18362
46.91332	0.1823
46.95495	0.18096
46.99658	0.1796
47.03821	0.17823
47.07984	0.17685
47.12147	0.17545
47.1631	0.17403
47.20473	0.17261
47.24636	0.17117
47.28799	0.16972
47.32962	0.16826
47.37126	0.16679
47.41289	0.16531
47.45452	0.16382
47.49615	0.16232
47.53778	0.16081
47.57941	0.15929
47.62104	0.15777
47.66267	0.15624
47.7043	0.1547
47.74593	0.15316
47.78756	0.15161
47.82919	0.15006
47.87082	0.14851
47.91245	0.14695
47.95408	0.14539
47.99571	0.14383
48.03734	0.14227
48.07897	0.14071
48.1206	0.13915
48.16223	0.13759
48.20387	0.13603
48.2455	0.13447
48.28713	0.13292
48.32876	0.13136
48.37039	0.12982
48.41202	0.12828
48.45365	0.12674
48.49528	0.12521
48.53691	0.12369
48.57854	0.12217
48.62017	0.12066
48.6618	0.11917
48.70343	0.11768
48.74506	0.11619
48.78669	0.11472
48.82832	0.11327
48.86995	0.11182
48.91158	0.11038
48.95321	0.10896
48.99484	0.10755
49.03647	0.10615
49.07811	0.10476
49.11974	0.10339
49.16137	0.10203
49.203	0.10069
49.24463	0.09937
49.28626	0.09805
49.32789	0.09676
49.36952	0.09547
49.41115	0.09421
49.45278	0.09296
49.49441	0.09173
49.53604	0.09051
49.57767	0.08931
49.6193	0.08812
49.66093	0.08696
49.70256	0.0858
49.74419	0.08467
49.78582	0.08355
49.82745	0.08245
49.86908	0.08136
49.91071	0.08029
49.95235	0.07924
49.99398	0.07821
50.03561	0.07719
50.07724	0.07618
50.11887	0.07519
50.1605	0.07422
50.20213	0.07327
50.24376	0.07232
50.28539	0.0714
50.32702	0.07049
50.36865	0.06959
50.41028	0.06871
50.45191	0.06785
50.49354	0.067
50.53517	0.06616
50.5768	0.06534
50.61843	0.06453
50.66006	0.06374
50.70169	0.06295
50.74332	0.06219
50.78496	0.06143
50.82659	0.06069
50.86822	0.05996
50.90985	0.05924
50.95148	0.05854
50.99311	0.05784
51.03474	0.05716
51.07637	0.05649
51.118	0.05584
51.15963	0.05519
51.20126	0.05455
51.24289	0.05393
51.28452	0.05332
51.32615	0.05271
51.36778	0.05212
51.40941	0.05153
51.45104	0.05096
51.49267	0.0504
51.5343	0.04984
51.57593	0.0493
51.61756	0.04876
51.6592	0.04823
51.70083	0.04771
51.74246	0.0472
51.78409	0.0467
51.82572	0.04621
51.86735	0.04572
51.90898	0.04524
51.95061	0.04477
51.99224	0.04431
52.03387	0.04386
52.0755	0.04341
52.11713	0.04297
52.15876	0.04253
52.20039	0.04211
52.24202	0.04169
52.28365	0.04127
52.32528	0.04087
52.36691	0.04047
52.40854	0.04007
52.45017	0.03969
52.4918	0.0393
52.53344	0.03893
52.57507	0.03856
52.6167	0.03819
52.65833	0.03783
52.69996	0.03748
52.74159	0.03713
52.78322	0.03679
52.82485	0.03645
52.86648	0.03611
52.90811	0.03578
52.94974	0.03546
52.99137	0.03514
53.033	0.03483
53.07463	0.03452
53.11626	0.03421
53.15789	0.03391
53.19952	0.03361
53.24115	0.03332
53.28278	0.03303
53.32441	0.03275
53.36605	0.03247
53.40768	0.03219
53.44931	0.03192
53.49094	0.03165
53.53257	0.03139
53.5742	0.03112
53.61583	0.03087
53.65746	0.03061
53.69909	0.03036
53.74072	0.03011
53.78235	0.02987
53.82398	0.02963
53.86561	0.02939
53.90724	0.02915
53.94887	0.02892
53.9905	0.02869
54.03213	0.02847
54.07376	0.02824
54.11539	0.02802
54.15702	0.02781
54.19865	0.02759
54.24029	0.02738
54.28192	0.02717
54.32355	0.02696
54.36518	0.02676
54.40681	0.02656
54.44844	0.02636
54.49007	0.02616
54.5317	0.02597
54.57333	0.02578
54.61496	0.02559
54.65659	0.0254
54.69822	0.02522
54.73985	0.02503
54.78148	0.02485
54.82311	0.02468
54.86474	0.0245
54.90637	0.02433
54.948	0.02415
54.98963	0.02398
55.03126	0.02382
55.07289	0.02365
55.11453	0.02349
55.15616	0.02332
55.19779	0.02316
55.23942	0.023
55.28105	0.02285
55.32268	0.02269
55.36431	0.02254
55.40594	0.02239
55.44757	0.02224
55.4892	0.02209
55.53083	0.02194
55.57246	0.0218
55.61409	0.02165
55.65572	0.02151
55.69735	0.02137
55.73898	0.02123
55.78061	0.02109
55.82224	0.02096
55.86387	0.02082
55.9055	0.02069
55.94714	0.02056
55.98877	0.02043
56.0304	0.0203
56.07203	0.02017
56.11366	0.02005
56.15529	0.01992
56.19692	0.0198
56.23855	0.01968
56.28018	0.01955
56.32181	0.01943
56.36344	0.01932
56.40507	0.0192
56.4467	0.01908
56.48833	0.01897
56.52996	0.01885
56.57159	0.01874
56.61322	0.01863
56.65485	0.01852
56.69648	0.01841
56.73811	0.0183
56.77974	0.01819
56.82138	0.01809
56.86301	0.01798
56.90464	0.01788
56.94627	0.01777
56.9879	0.01767
57.02953	0.01757
57.07116	0.01747
57.11279	0.01737
57.15442	0.01727
57.19605	0.01717
57.23768	0.01708
57.27931	0.01698
57.32094	0.01689
57.36257	0.01679
57.4042	0.0167
57.44583	0.01661
57.48746	0.01651
57.52909	0.01642
57.57072	0.01633
57.61235	0.01625
57.65398	0.01616
57.69562	0.01607
57.73725	0.01598
57.77888	0.0159
57.82051	0.01581
57.86214	0.01573
57.90377	0.01564
57.9454	0.01556
57.98703	0.01548
58.02866	0.0154
58.07029	0.01532
58.11192	0.01524
58.15355	0.01516
58.19518	0.01508
58.23681	0.015
58.27844	0.01492
58.32007	0.01485
58.3617	0.01477
58.40333	0.0147
58.44496	0.01462
58.48659	0.01455
58.52823	0.01447
58.56986	0.0144
58.61149	0.01433
58.65312	0.01426
58.69475	0.01419
58.73638	0.01411
58.77801	0.01404
58.81964	0.01398
58.86127	0.01391
58.9029	0.01384
58.94453	0.01377
58.98616	0.0137
59.02779	0.01364
59.06942	0.01357
59.11105	0.01351
59.15268	0.01344
59.19431	0.01338
59.23594	0.01331
59.27757	0.01325
59.3192	0.01319
59.36083	0.01312
59.40247	0.01306
59.4441	0.013
59.48573	0.01294
59.52736	0.01288
59.56899	0.01282
59.61062	0.01276
59.65225	0.0127
59.69388	0.01264
59.73551	0.01258
59.77714	0.01252
59.81877	0.01247
59.8604	0.01241
59.90203	0.01235
59.94366	0.0123
59.98529	0.01224
60.02692	0.01219
60.06855	0.01213
60.11018	0.01208
60.15181	0.01202
60.19344	0.01197
60.23507	0.01191
60.27671	0.01186
60.31834	0.01181
60.35997	0.01176
60.4016	0.01171
60.44323	0.01165
60.48486	0.0116
60.52649	0.01155
60.56812	0.0115
60.60975	0.01145
60.65138	0.0114
60.69301	0.01135
60.73464	0.0113
60.77627	0.01126
60.8179	0.01121
60.85953	0.01116
60.90116	0.01111
60.94279	0.01106
60.98442	0.01102
61.02605	0.01097
61.06768	0.01093
61.10932	0.01088
61.15095	0.01083
61.19258	0.01079
61.23421	0.01074
61.27584	0.0107
61.31747	0.01065
61.3591	0.01061
61.40073	0.01057
61.44236	0.01052
61.48399	0.01048
61.52562	0.01044
61.56725	0.01039
61.60888	0.01035
61.65051	0.01031
61.69214	0.01027
61.73377	0.01023
61.7754	0.01019
61.81703	0.01014
61.85866	0.0101
61.90029	0.01006
61.94192	0.01002
61.98356	0.00998
62.02519	0.00994
62.06682	0.0099
62.10845	0.00987
62.15008	0.00983
62.19171	0.00979
62.23334	0.00975
62.27497	0.00971
62.3166	0.00967
62.35823	0.00964
62.39986	0.0096
62.44149	0.00956
62.48312	0.00952
62.52475	0.00949
62.56638	0.00945
62.60801	0.00941
62.64964	0.00938
62.69127	0.00934
62.7329	0.00931
62.77453	0.00927
62.81616	0.00924
62.8578	0.0092
62.89943	0.00917
62.94106	0.00913
62.98269	0.0091
63.02432	0.00906
63.06595	0.00903
63.10758	0.009
63.14921	0.00896
63.19084	0.00893
63.23247	0.0089
63.2741	0.00886
63.31573	0.00883
63.35736	0.0088
63.39899	0.00877
63.44062	0.00874
63.48225	0.0087
63.52388	0.00867
63.56551	0.00864
63.60714	0.00861
63.64877	0.00858
63.69041	0.00855
63.73204	0.00852
63.77367	0.00849
63.8153	0.00845
63.85693	0.00842
63.89856	0.00839
63.94019	0.00836
63.98182	0.00833
64.02345	0.00831
64.06508	0.00828
64.10671	0.00825
64.14834	0.00822
64.18997	0.00819
64.2316	0.00816
64.27323	0.00813
64.31486	0.0081
64.35649	0.00807
64.39812	0.00805
64.43975	0.00802
64.48138	0.00799
64.52301	0.00796
64.56465	0.00794
64.60628	0.00791
64.64791	0.00788
64.68954	0.00785
64.73117	0.00783
64.7728	0.0078
64.81443	0.00777
64.85606	0.00775
64.89769	0.00772
64.93932	0.0077
64.98095	0.00767
65.02258	0.00764
65.06421	0.00762
65.10584	0.00759
65.14747	0.00757
65.1891	0.00754
65.23073	0.00752
65.27236	0.00749
65.31399	0.00747
65.35562	0.00744
65.39725	0.00742
65.43889	0.00739
65.48052	0.00737
65.52215	0.00734
65.56378	0.00732
65.60541	0.0073
65.64704	0.00727
65.68867	0.00725
65.7303	0.00723
65.77193	0.0072
65.81356	0.00718
65.85519	0.00716
65.89682	0.00713
65.93845	0.00711
65.98008	0.00709
66.02171	0.00706
66.06334	0.00704
66.10497	0.00702
66.1466	0.007
66.18823	0.00697
66.22986	0.00695
66.2715	0.00693
66.31313	0.00691
66.35476	0.00689
66.39639	0.00686
66.43802	0.00684
66.47965	0.00682
66.52128	0.0068
66.56291	0.00678
66.60454	0.00676
66.64617	0.00674
66.6878	0.00672
66.72943	0.00669
66.77106	0.00667
66.81269	0.00665
66.85432	0.00663
66.89595	0.00661
66.93758	0.00659
66.97921	0.00657
67.02084	0.00655
67.06247	0.00653
67.1041	0.00651
67.14574	0.00649
67.18737	0.00647
67.229	0.00645
67.27063	0.00643
67.31226	0.00641
67.35389	0.00639
67.39552	0.00638
67.43715	0.00636
67.47878	0.00634
67.52041	0.00632
67.56204	0.0063
67.60367	0.00628
67.6453	0.00626
67.68693	0.00624
67.72856	0.00622
67.77019	0.00621
67.81182	0.00619
67.85345	0.00617
67.89508	0.00615
67.93671	0.00613
67.97835	0.00611
68.01998	0.0061
68.06161	0.00608
68.10324	0.00606
68.14487	0.00604
68.1865	0.00603
68.22813	0.00601
68.26976	0.00599
68.31139	0.00597
68.35302	0.00596
68.39465	0.00594
68.43628	0.00592
68.47791	0.00591
68.51954	0.00589
68.56117	0.00587
68.6028	0.00585
68.64443	0.00584
68.68606	0.00582
68.72769	0.0058
68.76932	0.00579
68.81095	0.00577
68.85259	0.00576
68.89422	0.00574
68.93585	0.00572
68.97748	0.00571
69.01911	0.00569
69.06074	0.00567
69.10237	0.00566
69.144	0.00564
69.18563	0.00563
69.22726	0.00561
69.26889	0.0056
69.31052	0.00558
69.35215	0.00556
69.39378	0.00555
69.43541	0.00553
69.47704	0.00552
69.51867	0.0055
69.5603	0.00549
69.60193	0.00547
69.64356	0.00546
69.68519	0.00544
69.72683	0.00543
69.76846	0.00541
69.81009	0.0054
69.85172	0.00538
69.89335	0.00537
69.93498	0.00535
69.97661	0.00534
70.01824	0.00533
70.05987	0.00531
70.1015	0.0053
70.14313	0.00528
70.18476	0.00527
70.22639	0.00525
70.26802	0.00524
70.30965	0.00523
70.35128	0.00521
70.39291	0.0052
70.43454	0.00518
70.47617	0.00517
70.5178	0.00516
70.55944	0.00514
70.60107	0.00513
70.6427	0.00512
70.68433	0.0051
70.72596	0.00509
70.76759	0.00508
70.80922	0.00506
70.85085	0.00505
70.89248	0.00504
70.93411	0.00502
70.97574	0.00501
71.01737	0.005
71.059	0.00498
71.10063	0.00497
71.14226	0.00496
71.18389	0.00495
71.22552	0.00493
71.26715	0.00492
71.30878	0.00491
71.35041	0.00489
71.39204	0.00488
71.43368	0.00487
71.47531	0.00486
71.51694	0.00484
71.55857	0.00483
71.6002	0.00482
71.64183	0.00481
71.68346	0.0048
71.72509	0.00478
71.76672	0.00477
71.80835	0.00476
71.84998	0.00475
71.89161	0.00474
71.93324	0.00472
71.97487	0.00471
72.0165	0.0047
72.05813	0.00469
72.09976	0.00468
72.14139	0.00466
72.18302	0.00465
72.22465	0.00464
72.26628	0.00463
72.30792	0.00462
72.34955	0.00461
72.39118	0.0046
72.43281	0.00458
72.47444	0.00457
72.51607	0.00456
72.5577	0.00455
72.59933	0.00454
72.64096	0.00453
72.68259	0.00452
72.72422	0.00451
72.76585	0.00449
72.80748	0.00448
72.84911	0.00447
72.89074	0.00446
72.93237	0.00445
72.974	0.00444
73.01563	0.00443
73.05726	0.00442
73.09889	0.00441
73.14053	0.0044
73.18216	0.00439
73.22379	0.00438
73.26542	0.00437
73.30705	0.00435
73.34868	0.00434
73.39031	0.00433
73.43194	0.00432
73.47357	0.00431
73.5152	0.0043
73.55683	0.00429
73.59846	0.00428
73.64009	0.00427
73.68172	0.00426
73.72335	0.00425
73.76498	0.00424
73.80661	0.00423
73.84824	0.00422
73.88987	0.00421
73.9315	0.0042
73.97313	0.00419
74.01477	0.00418
74.0564	0.00417
74.09803	0.00416
74.13966	0.00415
74.18129	0.00414
74.22292	0.00413
74.26455	0.00412
74.30618	0.00411
74.34781	0.00411
74.38944	0.0041
74.43107	0.00409
74.4727	0.00408
74.51433	0.00407
74.55596	0.00406
74.59759	0.00405
74.63922	0.00404
74.68085	0.00403
74.72248	0.00402
74.76411	0.00401
74.80574	0.004
74.84737	0.00399
74.88901	0.00398
74.93064	0.00398
74.97227	0.00397
75.0139	0.00396
75.05553	0.00395
75.09716	0.00394
75.13879	0.00393
75.18042	0.00392
75.22205	0.00391
75.26368	0.0039
75.30531	0.00389
75.34694	0.00389
75.38857	0.00388
75.4302	0.00387
75.47183	0.00386
75.51346	0.00385
75.55509	0.00384
75.59672	0.00383
75.63835	0.00383
75.67998	0.00382
75.72162	0.00381
75.76325	0.0038
75.80488	0.00379
75.84651	0.00378
75.88814	0.00377
75.92977	0.00377
75.9714	0.00376
76.01303	0.00375
76.05466	0.00374
76.09629	0.00373
76.13792	0.00373
76.17955	0.00372
76.22118	0.00371
76.26281	0.0037
76.30444	0.00369
76.34607	0.00368
76.3877	0.00368
76.42933	0.00367
76.47096	0.00366
76.51259	0.00365
76.55422	0.00365
76.59586	0.00364
76.63749	0.00363
76.67912	0.00362
76.72075	0.00361
76.76238	0.00361
76.80401	0.0036
76.84564	0.00359
76.88727	0.00358
76.9289	0.00357
76.97053	0.00357
77.01216	0.00356
77.05379	0.00355
77.09542	0.00354
77.13705	0.00354
77.17868	0.00353
77.22031	0.00352
77.26194	0.00351
77.30357	0.00351
77.3452	0.0035
77.38683	0.00349
77.42846	0.00348
77.4701	0.00348
77.51173	0.00347
77.55336	0.00346
77.59499	0.00346
77.63662	0.00345
77.67825	0.00344
77.71988	0.00343
77.76151	0.00343
77.80314	0.00342
77.84477	0.00341
77.8864	0.00341
77.92803	0.0034
77.96966	0.00339
78.01129	0.00338
78.05292	0.00338
78.09455	0.00337
78.13618	0.00336
78.17781	0.00336
78.21944	0.00335
78.26107	0.00334
78.30271	0.00334
78.34434	0.00333
78.38597	0.00332
78.4276	0.00331
78.46923	0.00331
78.51086	0.0033
78.55249	0.00329
78.59412	0.00329
78.63575	0.00328
78.67738	0.00327
78.71901	0.00327
78.76064	0.00326
78.80227	0.00325
78.8439	0.00325
78.88553	0.00324
78.92716	0.00323
78.96879	0.00323
79.01042	0.00322
79.05205	0.00322
79.09368	0.00321
79.13531	0.0032
79.17695	0.0032
79.21858	0.00319
79.26021	0.00318
79.30184	0.00318
79.34347	0.00317
79.3851	0.00316
79.42673	0.00316
79.46836	0.00315
79.50999	0.00314
79.55162	0.00314
79.59325	0.00313
79.63488	0.00312
79.67651	0.00312
79.71814	0.00311
79.75977	0.00309
79.8014	0.00308
79.84303	0.00305
79.88466	0.00302
79.92629	0.00297
79.96792	0.0029
80.00955	0.00281
80.05119	0.00269
80.09282	0.00253
80.13445	0.00235
80.17608	0.00214
80.21771	0.0019
80.25934	0.00166
