0
0
0
0
0
0
0
0
0
0
0
0
0
0
0
0
0
0
0
0
0
0
0
0
0
0
0
0
0
0
0
0
0
0
0
0
0
0
0
0
0
0
0
0
0
0
0
0
0
0
0
0
0
0
0
0
0
0
0
0
0
0
0
0
0
0
0
0
0
0
0
0
0
0
0
0
0
0
0
0
0
0
0
0
0
0
0
0
0
0
0
0
0
0
0
0
0
0
0
0
0
0
0
0
0
0
0
0
0
0
0
0
0
0
0
0
0
0
0
0
0
0
0
0
0
0
0
0
0
0
0
0
0
0
0
0
0
0
0
0
0
0
0
0
0
0
0
0
0
0
0
0
0
0
0
0
0
0
0
0
0
0
0
0
0
0
0
0
0
0
0
0
0
0
0
0
0
0
0
0
0
0
0
0
0
0
0
0
0
0
0
0
0
0
0
0
0
0
0
0
0
0
0
0
0
0
0
0
0
0
0
0
0
0
0
0
0
0
0
0
0
0
0
0
0
0
0
0
0
0
0
0
0
0
0
0
0
0
0
0
0
0
0
0
0
0
0
0
0
0
0
0
0
0
0
0
0
0
0
0
0
0
0
0
0
0
0.002
0.009
0.02
0.05
0.095
0.15
0.214
0.244
0.21
0.163
0.132
0.126
0.146
0.163
0.165
0.153
0.151
0.159
0.155
0.127
0.117
0.127
0.121
0.116
0.117
0.112
0.119
0.133
0.134
0.127
0.121
0.127
0.147
0.163
0.158
0.136
0.139
0.154
0.159
0.167
0.173
0.173
0.186
0.173
0.164
0.179
0.201
0.177
0.153
0.146
0.149
0.15
0.129
0.116
0.124
0.133
0.145
0.149
0.147
0.133
0.137
0.131
0.13
0.146
0.166
0.169
0.178
0.174
0.16
0.133
0.11
0.098
0.105
0.117
0.122
0.13
0.136
0.127
0.127
0.137
0.143
0.141
0.121
0.122
0.145
0.156
0.161
0.172
0.184
0.169
0.159
0.162
0.165
0.158
0.145
0.134
0.13
0.126
0.129
0.132
0.125
0.125
0.116
0.121
0.13
0.131
0.121
0.117
0.119
0.119
0.138
0.16
0.172
0.168
0.147
0.141
0.14
0.128
0.118
0.103
0.106
0.111
0.109
0.113
0.127
0.143
0.134
0.122
0.128
0.121
0.107
0.105
0.112
0.13
0.143
0.153
0.163
0.161
0.15
0.144
0.133
0.11
0.105
0.11
0.107
0.097
0.095
0.104
0.106
0.108
0.129
0.132
0.119
0.12
0.12
0.131
0.129
0.133
0.143
0.152
0.16
0.15
0.132
0.129
0.125
0.114
0.101
0.102
0.108
0.112
0.109
0.107
0.113
0.129
0.14
0.136
0.116
0.114
0.135
0.13
0.126
0.128
0.14
0.149
0.14
0.132
0.122
0.123
0.121
0.107
0.091
0.09
0.098
0.095
0.093
0.109
0.119
0.122
0.117
0.107
0.109
0.117
0.123
0.13
0.142
0.143
0.158
0.163
0.159
0.136
0.113
0.103
0.097
0.085
0.07
0.098
0.125
0.121
0.109
0.11
0.119
0.12
0.102
0.099
0.11
0.128
0.138
0.144
0.15
0.148
0.147
0.13
0.127
0.131
0.125
0.117
0.116
0.119
0.105
0.088
0.075
0.082
0.098
0.124
0.131
0.121
0.106
0.106
0.121
0.148
0.162
0.156
0.151
0.147
0.146
0.14
0.118
0.095
0.088
0.082
0.084
0.098
0.103
0.1
0.1
0.109
0.12
0.122
0.121
0.115
0.116
0.115
0.131
0.14
0.144
0.146
0.139
0.134
0.118
0.116
0.127
0.106
0.089
0.096
0.102
0.094
0.086
0.083
0.093
0.107
0.11
0.112
0.103
0.104
0.119
0.12
0.126
0.13
0.139
0.144
0.127
0.114
0.121
0.115
0.099
0.082
0.067
0.067
0.085
0.103
0.108
0.106
0.105
0.103
0.107
0.112
0.116
0.114
0.106
0.107
0.115
0.12
0.122
0.119
0.113
0.104
0.102
0.116
0.116
0.101
0.095
0.092
0.087
0.085
0.089
0.096
0.107
0.113
0.105
0.099
0.105
0.111
0.121
0.136
0.149
0.147
0.14
0.138
0.128
0.122
0.104
0.089
0.079
0.072
0.062
0.057
0.07
0.086
0.101
0.111
0.115
0.123
0.113
0.104
0.096
0.1
0.108
0.108
0.117
0.134
0.141
0.131
0.116
0.115
0.117
0.104
0.099
0.095
0.083
0.081
0.082
0.097
0.112
0.125
0.128
0.115
0.112
0.11
0.111
0.131
0.15
0.147
0.143
0.129
0.116
0.123
0.107
0.091
0.081
0.08
0.083
0.091
0.102
0.119
0.121
0.126
0.121
0.105
0.097
0.092
0.093
0.111
0.139
0.142
0.132
0.127
0.111
0.109
0.115
0.119
0.11
0.095
0.082
0.087
0.074
0.066
0.081
0.111
0.123
0.12
0.113
0.103
0.103
0.114
0.117
0.116
0.127
0.141
0.149
0.154
0.136
0.126
0.108
0.09
0.078
0.081
0.083
0.088
0.095
0.126
0.125
0.105
0.112
0.122
0.12
0.102
0.099
0.119
0.136
0.132
0.125
0.127
0.133
0.129
0.125
0.113
0.114
0.118
0.118
0.104
0.089
0.07
0.074
0.093
0.1
0.119
0.137
0.129
0.109
0.099
0.101
0.114
0.128
0.144
0.162
0.166
0.156
0.152
0.137
0.122
0.11
0.094
0.09
0.1
0.095
0.082
0.075
0.104
0.133
0.103
0.045
0.005