5.298222222222222222e-02
4.934000000000000191e-02
4.577999999999999431e-02
4.232333333333333780e-02
3.897777777777777786e-02
3.576444444444444593e-02
3.270333333333333425e-02
2.978555555555555470e-02
2.698888888888889212e-02
2.430222222222222159e-02
2.172777777777777641e-02
1.927999999999999853e-02
1.697444444444444131e-02
1.482888888888888625e-02
1.286333333333333079e-02
1.108222222222221900e-02
9.474444444444443322e-03
8.035555555555554466e-03
6.748888888888888472e-03
5.597777777777778775e-03
4.568888888888888826e-03
3.644444444444444077e-03
2.820000000000000024e-03
2.106666666666666410e-03
1.498888888888888797e-03
9.822222222222222205e-04
5.488888888888887986e-04
2.311111111111110788e-04
6.111111111111110726e-05
5.555555555555554975e-06
0.000000000000000000e+00
0.000000000000000000e+00
0.000000000000000000e+00
0.000000000000000000e+00
0.000000000000000000e+00
0.000000000000000000e+00
0.000000000000000000e+00
0.000000000000000000e+00
0.000000000000000000e+00
0.000000000000000000e+00
0.000000000000000000e+00
0.000000000000000000e+00
0.000000000000000000e+00
0.000000000000000000e+00
0.000000000000000000e+00
0.000000000000000000e+00
0.000000000000000000e+00
0.000000000000000000e+00
0.000000000000000000e+00
0.000000000000000000e+00
0.000000000000000000e+00
0.000000000000000000e+00
0.000000000000000000e+00
0.000000000000000000e+00
0.000000000000000000e+00
0.000000000000000000e+00
0.000000000000000000e+00
0.000000000000000000e+00
0.000000000000000000e+00
0.000000000000000000e+00
0.000000000000000000e+00
0.000000000000000000e+00
0.000000000000000000e+00
0.000000000000000000e+00
0.000000000000000000e+00
0.000000000000000000e+00
0.000000000000000000e+00
0.000000000000000000e+00
0.000000000000000000e+00
0.000000000000000000e+00
0.000000000000000000e+00
0.000000000000000000e+00
0.000000000000000000e+00
0.000000000000000000e+00
0.000000000000000000e+00
0.000000000000000000e+00
0.000000000000000000e+00
0.000000000000000000e+00
0.000000000000000000e+00
0.000000000000000000e+00
0.000000000000000000e+00
0.000000000000000000e+00
0.000000000000000000e+00
0.000000000000000000e+00
0.000000000000000000e+00
0.000000000000000000e+00
0.000000000000000000e+00
0.000000000000000000e+00
0.000000000000000000e+00
0.000000000000000000e+00
0.000000000000000000e+00
0.000000000000000000e+00
0.000000000000000000e+00
0.000000000000000000e+00
0.000000000000000000e+00
0.000000000000000000e+00
0.000000000000000000e+00
0.000000000000000000e+00
0.000000000000000000e+00
0.000000000000000000e+00
0.000000000000000000e+00
0.000000000000000000e+00
0.000000000000000000e+00
0.000000000000000000e+00
0.000000000000000000e+00
0.000000000000000000e+00
0.000000000000000000e+00
0.000000000000000000e+00
0.000000000000000000e+00
0.000000000000000000e+00
0.000000000000000000e+00
0.000000000000000000e+00
0.000000000000000000e+00
0.000000000000000000e+00
0.000000000000000000e+00
0.000000000000000000e+00
0.000000000000000000e+00
0.000000000000000000e+00
0.000000000000000000e+00
0.000000000000000000e+00
0.000000000000000000e+00
0.000000000000000000e+00
0.000000000000000000e+00
0.000000000000000000e+00
0.000000000000000000e+00
0.000000000000000000e+00
0.000000000000000000e+00
0.000000000000000000e+00
0.000000000000000000e+00
0.000000000000000000e+00
0.000000000000000000e+00
0.000000000000000000e+00
0.000000000000000000e+00
0.000000000000000000e+00
0.000000000000000000e+00
0.000000000000000000e+00
0.000000000000000000e+00
0.000000000000000000e+00
0.000000000000000000e+00
0.000000000000000000e+00
0.000000000000000000e+00
0.000000000000000000e+00
0.000000000000000000e+00
0.000000000000000000e+00
0.000000000000000000e+00
0.000000000000000000e+00
0.000000000000000000e+00
0.000000000000000000e+00
0.000000000000000000e+00
0.000000000000000000e+00
0.000000000000000000e+00
0.000000000000000000e+00
0.000000000000000000e+00
0.000000000000000000e+00
0.000000000000000000e+00
0.000000000000000000e+00
0.000000000000000000e+00
0.000000000000000000e+00
0.000000000000000000e+00
0.000000000000000000e+00
0.000000000000000000e+00
0.000000000000000000e+00
0.000000000000000000e+00
0.000000000000000000e+00
0.000000000000000000e+00
0.000000000000000000e+00
0.000000000000000000e+00
0.000000000000000000e+00
0.000000000000000000e+00
0.000000000000000000e+00
0.000000000000000000e+00
0.000000000000000000e+00
0.000000000000000000e+00
0.000000000000000000e+00
0.000000000000000000e+00
0.000000000000000000e+00
0.000000000000000000e+00
0.000000000000000000e+00
0.000000000000000000e+00
0.000000000000000000e+00
0.000000000000000000e+00
0.000000000000000000e+00
0.000000000000000000e+00
0.000000000000000000e+00
0.000000000000000000e+00
0.000000000000000000e+00
0.000000000000000000e+00
0.000000000000000000e+00
0.000000000000000000e+00
0.000000000000000000e+00
0.000000000000000000e+00
0.000000000000000000e+00
0.000000000000000000e+00
0.000000000000000000e+00
0.000000000000000000e+00
0.000000000000000000e+00
0.000000000000000000e+00
0.000000000000000000e+00
0.000000000000000000e+00
0.000000000000000000e+00
0.000000000000000000e+00
0.000000000000000000e+00
0.000000000000000000e+00
0.000000000000000000e+00
0.000000000000000000e+00
0.000000000000000000e+00
0.000000000000000000e+00
0.000000000000000000e+00
0.000000000000000000e+00
0.000000000000000000e+00
0.000000000000000000e+00
0.000000000000000000e+00
0.000000000000000000e+00
0.000000000000000000e+00
0.000000000000000000e+00
0.000000000000000000e+00
0.000000000000000000e+00
0.000000000000000000e+00
0.000000000000000000e+00
0.000000000000000000e+00
0.000000000000000000e+00
0.000000000000000000e+00
0.000000000000000000e+00
0.000000000000000000e+00
0.000000000000000000e+00
0.000000000000000000e+00
0.000000000000000000e+00
0.000000000000000000e+00
0.000000000000000000e+00
0.000000000000000000e+00
0.000000000000000000e+00
0.000000000000000000e+00
0.000000000000000000e+00
0.000000000000000000e+00
0.000000000000000000e+00
0.000000000000000000e+00
0.000000000000000000e+00
0.000000000000000000e+00
2.222222222222222498e-06
1.444444444444444412e-05
4.888888888888888988e-05
1.388888888888888888e-04
3.344444444444444483e-04
6.966666666666666147e-04
1.296666666666666671e-03
2.167777777777777585e-03
3.272222222222221939e-03
4.557777777777776915e-03
5.989999999999998798e-03
7.562222222222221048e-03
9.296666666666664885e-03
1.121222222222221891e-02
1.331111111111110863e-02
1.557999999999999836e-02
1.801666666666666347e-02
2.062999999999999209e-02
2.341555555555554363e-02
2.634222222222221133e-02
2.939888888888887719e-02
3.259666666666665574e-02
3.592888888888887827e-02
3.938999999999998752e-02
4.298111111111109495e-02
4.669666666666664329e-02
5.054444444444441964e-02
5.453999999999997045e-02
5.868444444444441410e-02
6.296999999999997044e-02
6.738555555555553189e-02
7.192222222222219297e-02
7.657777777777775852e-02
8.130333333333329693e-02
8.599333333333331053e-02
9.050111111111108775e-02
9.468777777777775961e-02
9.850333333333331776e-02
1.020288888888888773e-01
1.053777777777777647e-01
1.086255555555555447e-01
1.117855555555555547e-01
1.148277777777777647e-01
1.176999999999999852e-01
1.203877777777777741e-01
1.229344444444444434e-01
1.253688888888888908e-01
1.276466666666666583e-01
1.297499999999999765e-01
1.317333333333333412e-01
1.336222222222222256e-01
1.353955555555555468e-01
1.370433333333333226e-01
1.385622222222221978e-01
1.399588888888888549e-01
1.412544444444444047e-01
1.424466666666666659e-01
1.435088888888888803e-01
1.444366666666666577e-01
1.452299999999999980e-01
1.459088888888888380e-01
1.464611111111110697e-01
1.468533333333333080e-01
1.471011111111110714e-01
1.472877777777777675e-01
1.475266666666666948e-01
1.478922222222222027e-01
1.483799999999999841e-01
1.489255555555555333e-01
1.494288888888888889e-01
1.498166666666666813e-01
1.500688888888888628e-01
1.501866666666666628e-01
1.502311111111111208e-01
1.502300000000000024e-01
1.501455555555555599e-01
1.499333333333333351e-01
1.496455555555555317e-01
1.493311111111110812e-01
1.489855555555555378e-01
1.485977777777777731e-01
1.481744444444444420e-01
1.477333333333333276e-01
1.472988888888888681e-01
1.468799999999999828e-01
1.464633333333333065e-01
1.460355555555555018e-01
1.456155555555555259e-01
1.452222222222222248e-01
1.448622222222222256e-01
1.445088888888888812e-01
1.441855555555555390e-01
1.439199999999999924e-01
1.436866666666666292e-01
1.434211111111110826e-01
1.430799999999999572e-01
1.426422222222222258e-01
1.421288888888888879e-01
1.415799999999999836e-01
1.410677777777777642e-01
1.406422222222221963e-01
1.403299999999999825e-01
1.401199999999999668e-01
1.399766666666666382e-01
1.398888888888888682e-01
1.398566666666666569e-01
1.398799999999999766e-01
1.399477777777777265e-01
1.400355555555555243e-01
1.401133333333333397e-01
1.401922222222222181e-01
1.403022222222222171e-01
1.404777777777778125e-01
1.406977777777777827e-01
1.408966666666666978e-01
1.410533333333333639e-01
1.411688888888889271e-01
1.412100000000000299e-01
1.411366666666666880e-01
1.409500000000000197e-01
1.406800000000000272e-01
1.403188888888889096e-01
1.398566666666666847e-01
1.393311111111111555e-01
1.388088888888888983e-01
1.383355555555555449e-01
1.379199999999999871e-01
1.375533333333333330e-01
1.372199999999999531e-01
1.368755555555555281e-01
1.364944444444443905e-01
1.360611111111110771e-01
1.356111111111110712e-01
1.351666666666666572e-01
1.347277777777777519e-01
1.343122222222222217e-01
1.339599999999999680e-01
1.336677777777777743e-01
1.334188888888888924e-01
1.332177777777777683e-01
1.330166666666666442e-01
1.327388888888888785e-01
1.323300000000000032e-01
1.318055555555555647e-01
1.312344444444444591e-01
1.306311111111111423e-01
1.300011111111111228e-01
1.293933333333333324e-01
1.288455555555555465e-01
1.283766666666666667e-01
1.279922222222222294e-01
1.276877777777777612e-01
1.274566666666666348e-01
1.272833333333333317e-01
1.271222222222222198e-01
1.269377777777777605e-01
1.267433333333333190e-01
1.265655555555555423e-01
1.264055555555555210e-01
1.262922222222221946e-01
1.262577777777777743e-01
1.262955555555555498e-01
1.263600000000000001e-01
1.264133333333333498e-01
1.264322222222222236e-01
1.263833333333333753e-01
1.262188888888889360e-01
1.259400000000000241e-01
1.255799999999999972e-01
1.251566666666666938e-01
1.247122222222222382e-01
1.243200000000000000e-01
1.240111111111111136e-01
1.237877777777778021e-01
1.236455555555555641e-01
1.235955555555555557e-01
1.236188888888889031e-01
1.236800000000000122e-01
1.237866666666666837e-01
1.239122222222222292e-01
1.240088888888889046e-01
1.240777777777778007e-01
1.241588888888889020e-01
1.242644444444444551e-01
1.243999999999999967e-01
1.245500000000000079e-01
1.246977777777777824e-01
1.248222222222222233e-01
1.249055555555555475e-01
1.249044444444444429e-01
1.247677777777777830e-01
1.245144444444444276e-01
1.242011111111111232e-01
1.238511111111111201e-01
1.234855555555555567e-01
1.231577777777777688e-01
1.229188888888888831e-01
1.227677777777777673e-01
1.226733333333333287e-01
1.226088888888889061e-01
1.225711111111111168e-01
1.225477777777777694e-01
1.225266666666666587e-01
1.224855555555555697e-01
1.224100000000000049e-01
1.222988888888889014e-01
1.222111111111111176e-01
1.221666666666666734e-01
1.221166666666666650e-01
1.220488888888888873e-01
1.219700000000000090e-01
1.218677777777778110e-01
1.216944444444444801e-01
1.214177777777778050e-01
1.210411111111111410e-01
1.206255555555555831e-01
1.202211111111111397e-01
1.198255555555555879e-01
1.194411111111111229e-01
1.191100000000000214e-01
1.188866666666666544e-01
1.187633333333333457e-01
1.186822222222222306e-01
1.186433333333333368e-01
1.186588888888888971e-01
1.187011111111111045e-01
1.187444444444444441e-01
1.187899999999999928e-01
1.188622222222222163e-01
1.189855555555555527e-01
1.191511111111111243e-01
1.193200000000000094e-01
1.194822222222222119e-01
1.196444444444444283e-01
1.197855555555555479e-01
1.198899999999999966e-01
1.199011111111110972e-01
1.198088888888888676e-01
1.196299999999999725e-01
1.193911111111110868e-01
1.191244444444444217e-01
1.188622222222222163e-01
1.186488888888888732e-01
1.185499999999999887e-01
1.185966666666666558e-01
1.187066666666666548e-01
1.187922222222222157e-01
1.188633333333333209e-01
1.189611111111111147e-01
1.190977777777777885e-01
1.192511111111111133e-01
1.194111111111111068e-01
1.196211111111111086e-01
1.198800000000000004e-01
1.201600000000000029e-01
1.204322222222222322e-01
1.206611111111111079e-01
1.208111111111111191e-01
1.208555555555555494e-01
1.207811111111111446e-01
1.205944444444444624e-01
1.203577777777777996e-01
1.200900000000000023e-01
1.197866666666666802e-01
1.194744444444444664e-01
1.191822222222222449e-01
1.189411111111111363e-01
1.187522222222222174e-01
1.186411111111111139e-01
1.186133333333333206e-01
1.186733333333333251e-01
1.187933333333333341e-01
1.189488888888889095e-01
1.190788888888889008e-01
1.191555555555555562e-01
1.192344444444444623e-01
1.193711111111111223e-01
1.195555555555555816e-01
1.197233333333333621e-01
1.198133333333333411e-01
1.198166666666666685e-01
1.197244444444444528e-01
1.195088888888889145e-01
1.191833333333333633e-01
1.187688888888889099e-01
1.182899999999999924e-01
1.177977777777778068e-01
1.173466666666666824e-01
1.169700000000000184e-01
1.166944444444444479e-01
1.165177777777777757e-01
1.163922222222222441e-01
1.162933333333333458e-01
1.162333333333333552e-01
1.162222222222222545e-01
1.162322222222222368e-01
1.162444444444444419e-01
1.162622222222222390e-01
1.162822222222222313e-01
1.163044444444444603e-01
1.162933333333333458e-01
1.162444444444444419e-01
1.161477777777777665e-01
1.160055555555555423e-01
1.157988888888888679e-01
1.154933333333333229e-01
1.150711111111110962e-01
1.145433333333333442e-01
1.139822222222222070e-01
1.134422222222222221e-01
1.129199999999999926e-01
1.124533333333333496e-01
1.120733333333333720e-01
1.117577777777778031e-01
1.114966666666667022e-01
1.113066666666667065e-01
1.111855555555555930e-01
1.111122222222222511e-01
1.110477777777778147e-01
1.109555555555555989e-01
1.108400000000000357e-01
1.107177777777778177e-01
1.106166666666666826e-01
1.105277777777778081e-01
1.104111111111111126e-01
1.102644444444444566e-01
1.100844444444444570e-01
1.098800000000000193e-01
1.096300000000000191e-01
1.092999999999999944e-01
1.089222222222222120e-01
1.085211111111110960e-01
1.080933333333333329e-01
1.076600000000000057e-01
1.072655555555555307e-01
1.069577777777777489e-01
1.067744444444444496e-01
1.067166666666666680e-01
1.067177777777777586e-01
1.067288888888888870e-01
1.067577777777777848e-01
1.067922222222222328e-01
1.068266666666666531e-01
1.068899999999999989e-01
1.069944444444444337e-01
1.071177777777777701e-01
1.072344444444444517e-01
1.073433333333333461e-01
1.074622222222222229e-01
1.075977777777777783e-01
1.077155555555555783e-01
1.077900000000000386e-01
1.077955555555555889e-01
1.077322222222222570e-01
1.076188888888889306e-01
1.074711111111111422e-01
1.073144444444444762e-01
1.071400000000000269e-01
1.069744444444444553e-01
1.068677777777777976e-01
1.068188888888889215e-01
1.068288888888889038e-01
1.069055555555555870e-01
1.070366666666666827e-01
1.071866666666666940e-01
1.073255555555555907e-01
1.074211111111111477e-01
1.074600000000000138e-01
1.074900000000000161e-01
1.075633333333333580e-01
1.076800000000000118e-01
1.078133333333333305e-01
1.079233333333333572e-01
1.079733333333333378e-01
1.079411111111110988e-01
1.078222222222222360e-01
1.076311111111111080e-01
1.073655555555555474e-01
1.070255555555555543e-01
1.066233333333333477e-01
1.062088888888888805e-01
1.058377777777778223e-01
1.055511111111111372e-01
1.053755555555555834e-01
1.053300000000000208e-01
1.054011111111111398e-01
1.055544444444444924e-01
1.057677777777778216e-01
1.060088888888889441e-01
1.062611111111111534e-01
1.065300000000000413e-01
1.067911111111111422e-01
1.070566666666667027e-01
1.073288888888889320e-01
1.076155555555555893e-01
1.079233333333333711e-01
1.082288888888889300e-01
1.085211111111111515e-01
1.087600000000000233e-01
1.089000000000000246e-01
1.089355555555555771e-01
1.089044444444444704e-01
1.088633333333333536e-01
1.088500000000000301e-01
1.088766666666666910e-01
1.089755555555555755e-01
1.091444444444444606e-01
1.093722222222222318e-01
1.096655555555555578e-01
1.100166666666666793e-01
1.104044444444444578e-01
1.107988888888888912e-01
1.111866666666666975e-01
1.115344444444444638e-01
1.118133333333333479e-01
1.120411111111111191e-01
1.122211111111111187e-01
1.123733333333333390e-01
1.125188888888888766e-01
1.126288888888888895e-01
1.126555555555555505e-01
1.125977777777777827e-01
1.124388888888888938e-01
1.122055555555555723e-01
1.119033333333333269e-01
1.115122222222222209e-01
1.110933333333333356e-01
1.107155555555555809e-01
1.104244444444444639e-01
1.102377777777777956e-01
1.101488888888889073e-01
1.101177777777778144e-01
1.101033333333333725e-01
1.100788888888889205e-01
1.100455555555555770e-01
1.099766666666666948e-01
1.098900000000000293e-01
1.098322222222222477e-01
1.098166666666666874e-01
1.098577777777778042e-01
1.099344444444444735e-01
1.100122222222222335e-01
1.100255555555555848e-01
1.099622222222222528e-01
1.098344444444444845e-01
1.096422222222222520e-01
1.094200000000000172e-01
1.091755555555555951e-01
1.089044444444444704e-01
1.086544444444444563e-01
1.084655555555555650e-01
1.083455555555555699e-01
1.083266666666666961e-01
1.083933333333333554e-01
1.085577777777777947e-01
1.088255555555555643e-01
1.091422222222222516e-01
1.094455555555555737e-01
1.097166666666666845e-01
1.099566666666666886e-01
1.101766666666666727e-01
1.104100000000000220e-01
1.106755555555555687e-01
1.109633333333333305e-01
1.112644444444444436e-01
1.115733333333333438e-01
1.118611111111111195e-01
1.120833333333333404e-01
1.122133333333333455e-01
1.122188888888888958e-01
1.121244444444444432e-01
1.119511111111111262e-01
1.117744444444444679e-01
1.116588888888888909e-01
1.116277777777777980e-01
1.116900000000000115e-01
1.118433333333333363e-01
1.120655555555555571e-01
1.123255555555555535e-01
1.125477777777777744e-01
1.127266666666666556e-01
1.129044444444444462e-01
1.130666666666666625e-01
1.132144444444444370e-01
1.133577777777777656e-01
1.135322222222222149e-01
1.137499999999999900e-01
1.139955555555555444e-01
1.142277777777777753e-01
1.144355555555555543e-01
1.146133333333333171e-01
1.147277777777777757e-01
1.147611111111111054e-01
1.147455555555555590e-01
1.146877777777777774e-01
1.145988888888888751e-01
1.144811111111110891e-01
1.143733333333332991e-01
1.143166666666666498e-01
1.143144444444444269e-01
1.143155555555555453e-01
1.143066666666666537e-01
1.142533333333333040e-01
1.140933333333333244e-01
1.137977777777777338e-01
1.133277777777777356e-01
1.126455555555555266e-01
1.117744444444444402e-01
1.107666666666666661e-01
1.096788888888888813e-01
1.085055555555555495e-01
1.071955555555555439e-01
1.057255555555555587e-01
1.040711111111111281e-01
1.021899999999999892e-01
1.000533333333333413e-01
9.767999999999998906e-02
9.510111111111110849e-02
9.236888888888888927e-02
8.951222222222222913e-02
8.655000000000000193e-02
8.351999999999999702e-02
8.043777777777777471e-02
7.727666666666667405e-02
7.404333333333332212e-02
7.075333333333332086e-02
6.742333333333333512e-02
6.399333333333331875e-02
6.039888888888888391e-02
5.669111111111110185e-02
