63,262c63,262
<   9.87543160E+01  9.87449665E+01  9.87311570E+01  9.87081505E+01  9.86759620E+01
<   9.86346070E+01  9.85840915E+01  9.85244155E+01  9.84555550E+01  9.83774765E+01
<   9.82901090E+01  9.81933760E+01  9.80871640E+01  9.79713435E+01  9.78457800E+01
<   9.77103120E+01  9.75647690E+01  9.74089745E+01  9.72427555E+01  9.70659170E+01
<   9.68782665E+01  9.66796025E+01  9.64697050E+01  9.62483575E+01  9.60153220E+01
<   9.57703430E+01  9.55131525E+01  9.52434860E+01  9.49610400E+01  9.46655205E+01
<   9.43566170E+01  9.40340190E+01  9.36974095E+01  9.33464630E+01  9.29808540E+01
<   9.26002620E+01  9.22043630E+01  9.17928295E+01  9.13653490E+01  9.09215935E+01
<   9.04612600E+01  8.99840420E+01  8.94896555E+01  8.89778095E+01  8.84482530E+01
<   8.79007305E+01  8.73350285E+01  8.67509455E+01  8.61482960E+01  8.55269390E+01
<   8.48867520E+01  8.42276460E+01  8.35495635E+01  8.28524825E+01  8.21364185E+01
<   8.14014240E+01  8.06475945E+01  7.98750665E+01  7.90840210E+01  7.82746850E+01
<   7.74473325E+01  7.66022825E+01  7.57399050E+01  7.48606150E+01  7.39648780E+01
<   7.30532055E+01  7.21261590E+01  7.11843475E+01  7.02284245E+01  6.92590935E+01
<   6.82771005E+01  6.72832375E+01  6.62783370E+01  6.52632745E+01  6.42389615E+01
<   6.32063475E+01  6.21664140E+01  6.11201730E+01  6.00686650E+01  5.90129535E+01
<   5.79541260E+01  5.68932845E+01  5.58315480E+01  5.47700465E+01  5.37099170E+01
<   5.26522990E+01  5.15983330E+01  5.05491555E+01  4.95058935E+01  4.84696620E+01
<   4.74415585E+01  4.64226630E+01  4.54140285E+01  4.44166825E+01  4.34316195E+01
<   4.24598000E+01  4.15021465E+01  4.05595405E+01  3.96328180E+01  3.87227700E+01
<   3.78301370E+01  3.69556060E+01  3.60998110E+01  3.52633285E+01  3.44466785E+01
<   3.36503195E+01  3.28746515E+01  3.21200115E+01  3.13866755E+01  3.06748580E+01
<   2.99847100E+01  2.93163225E+01  2.86697245E+01  2.80448850E+01  2.74417140E+01
<   2.68600620E+01  2.62997240E+01  2.57604425E+01  2.52419055E+01  2.47437510E+01
<   2.42655715E+01  2.38069125E+01  2.33672805E+01  2.29461425E+01  2.25429285E+01
<   2.21570390E+01  2.17878440E+01  2.14346890E+01  2.10968980E+01  2.07737765E+01
<   2.04646140E+01  2.01686920E+01  1.98852815E+01  1.96136525E+01  1.93530725E+01
<   1.91028125E+01  1.88621510E+01  1.86303760E+01  1.84067865E+01  1.81906985E+01
<   1.79814460E+01  1.77783830E+01  1.75808875E+01  1.73883610E+01  1.72002355E+01
<   1.70159685E+01  1.68350515E+01  1.66570065E+01  1.64813875E+01  1.63077840E+01
<   1.61358220E+01  1.59651595E+01  1.57954920E+01  1.56265490E+01  1.54580965E+01
<   1.52899345E+01  1.51218975E+01  1.49538525E+01  1.47856995E+01  1.46173700E+01
<   1.44488255E+01  1.42800550E+01  1.41110755E+01  1.39419285E+01  1.37726800E+01
<   1.36034160E+01  1.34342430E+01  1.32652850E+01  1.30966800E+01  1.29285815E+01
<   1.27611525E+01  1.25945645E+01  1.24289985E+01  1.22646380E+01  1.21016710E+01
<   1.19402855E+01  1.17806690E+01  1.16230060E+01  1.14674775E+01  1.13142560E+01
<   1.11635090E+01  1.10153925E+01  1.08700538E+01  1.07276276E+01  1.05882368E+01
<   1.04519905E+01  1.03189838E+01  1.01892968E+01  1.00629941E+01  9.94012585E+00
<   9.82072515E+00  9.70480975E+00  9.59238250E+00  9.48342915E+00  9.37792075E+00
<   9.27581405E+00  9.17705110E+00  9.08156055E+00  8.98925815E+00  8.90004780E+00
<   8.81382240E+00  8.73046465E+00  8.64984850E+00  8.57183955E+00  8.49629685E+00
<   8.42307355E+00  8.35201845E+00  8.28297665E+00  8.21579135E+00  8.15030455E+00
<   8.08635850E+00  8.02379665E+00  7.96246475E+00  7.90221200E+00  7.84289200E+00
<   7.78436355E+00  7.72649150E+00  7.66914760E+00  7.61221120E+00  7.55556995E+00
<   7.49912000E+00  7.44276705E+00  7.38642630E+00  7.33002280E+00  7.27349190E+00
<   7.21677930E+00  7.15984085E+00  7.10264290E+00  7.04516170E+00  6.98738365E+00
<   6.92930460E+00  6.87092990E+00  6.81227355E+00  6.75335790E+00  6.69421345E+00
<   6.63487775E+00  6.57539510E+00  6.51581590E+00  6.45619580E+00  6.39659520E+00
<   6.33707825E+00  6.27771230E+00  6.21856700E+00  6.15971360E+00  6.10122430E+00
<   6.04317140E+00  5.98562645E+00  5.92865990E+00  5.87234035E+00  5.81673370E+00
<   5.76190285E+00  5.70790715E+00  5.65480175E+00  5.60263720E+00  5.55145910E+00
<   5.50130775E+00  5.45221790E+00  5.40421830E+00  5.35733180E+00  5.31157510E+00
<   5.26695880E+00  5.22348725E+00  5.18115880E+00  5.13996580E+00  5.09989485E+00
<   5.06092685E+00  5.02303745E+00  4.98619710E+00  4.95037150E+00  4.91552215E+00
<   4.88160630E+00  4.84857770E+00  4.81638705E+00  4.78498230E+00  4.75430925E+00
<   4.72431205E+00  4.69493355E+00  4.66611605E+00  4.63780145E+00  4.60993210E+00
<   4.58245070E+00  4.55530145E+00  4.52842985E+00  4.50178340E+00  4.47531200E+00
<   4.44896815E+00  4.42270730E+00  4.39648835E+00  4.37027360E+00  4.34402925E+00
<   4.31772530E+00  4.29133590E+00  4.26483930E+00  4.23821805E+00  4.21145880E+00
<   4.18455240E+00  4.15749395E+00  4.13028260E+00  4.10292125E+00  4.07541685E+00
<   4.04777975E+00  4.02002385E+00  3.99216615E+00  3.96422670E+00  3.93622800E+00
<   3.90819480E+00  3.88015415E+00  3.85213465E+00  3.82416605E+00  3.79627945E+00
<   3.76850635E+00  3.74087875E+00  3.71342870E+00  3.68618785E+00  3.65918750E+00
<   3.63245780E+00  3.60602800E+00  3.57992570E+00  3.55417685E+00  3.52880560E+00
<   3.50383390E+00  3.47928140E+00  3.45516520E+00  3.43150005E+00  3.40829780E+00
<   3.38556770E+00  3.36331610E+00  3.34154680E+00  3.32026045E+00  3.29945535E+00
<   3.27912665E+00  3.25926725E+00  3.23986735E+00  3.22091470E+00  3.20239490E+00
<   3.18429145E+00  3.16658575E+00  3.14925770E+00  3.13228565E+00  3.11564655E+00
<   3.09931640E+00  3.08327040E+00  3.06748305E+00  3.05192845E+00  3.03658075E+00
<   3.02141395E+00  3.00640245E+00  2.99152120E+00  2.97674570E+00  2.96205265E+00
<   2.94741965E+00  2.93282555E+00  2.91825075E+00  2.90367740E+00  2.88908895E+00
<   2.87447100E+00  2.85981085E+00  2.84509790E+00  2.83032335E+00  2.81548055E+00
<   2.80056480E+00  2.78557340E+00  2.77050565E+00  2.75536290E+00  2.74014820E+00
<   2.72486645E+00  2.70952435E+00  2.69413015E+00  2.67869345E+00  2.66322540E+00
<   2.64773815E+00  2.63224490E+00  2.61675980E+00  2.60129755E+00  2.58587365E+00
<   2.57050360E+00  2.55520350E+00  2.53998925E+00  2.52487670E+00  2.50988145E+00
<   2.49501855E+00  2.48030265E+00  2.46574750E+00  2.45136625E+00  2.43717075E+00
<   2.42317190E+00  2.40937955E+00  2.39580205E+00  2.38244670E+00  2.36931915E+00
<   2.35642395E+00  2.34376400E+00  2.33134075E+00  2.31915445E+00  2.30720370E+00
<   2.29548580E+00  2.28399665E+00  2.27273090E+00  2.26168200E+00  2.25084210E+00
<   2.24020245E+00  2.22975325E+00  2.21948385E+00  2.20938290E+00  2.19943850E+00
<   2.18963805E+00  2.17996870E+00  2.17041735E+00  2.16097075E+00  2.15161560E+00
<   2.14233875E+00  2.13312720E+00  2.12396830E+00  2.11485000E+00  2.10576065E+00
<   2.09668935E+00  2.08762590E+00  2.07856095E+00  2.06948605E+00  2.06039375E+00
<   2.05127765E+00  2.04213220E+00  2.03295310E+00  2.02373715E+00  2.01448210E+00
<   2.00518695E+00  1.99585170E+00  1.98647740E+00  1.97706615E+00  1.96762115E+00
<   1.95814635E+00  1.94864670E+00  1.93912795E+00  1.92959645E+00  1.92005930E+00
<   1.91052425E+00  1.90099935E+00  1.89149295E+00  1.88201390E+00  1.87257110E+00
<   1.86317355E+00  1.85383025E+00  1.84455010E+00  1.83534180E+00  1.82621380E+00
<   1.81717415E+00  1.80823045E+00  1.79938975E+00  1.79065850E+00  1.78204265E+00
<   1.77354710E+00  1.76517630E+00  1.75693370E+00  1.74882210E+00  1.74084345E+00
<   1.73299860E+00  1.72528790E+00  1.71771060E+00  1.71026515E+00  1.70294935E+00
<   1.69576005E+00  1.68869325E+00  1.68174450E+00  1.67490850E+00  1.66817940E+00
<   1.66155080E+00  1.65501585E+00  1.64856725E+00  1.64219755E+00  1.63589875E+00
<   1.62966295E+00  1.62348205E+00  1.61734795E+00  1.61125255E+00  1.60518800E+00
<   1.59914645E+00  1.59312065E+00  1.58710330E+00  1.58108780E+00  1.57506805E+00
<   1.56903825E+00  1.56299325E+00  1.55692880E+00  1.55084090E+00  1.54472645E+00
<   1.53858300E+00  1.53240880E+00  1.52620285E+00  1.51996490E+00  1.51369530E+00
<   1.50739510E+00  1.50106620E+00  1.49471095E+00  1.48833250E+00  1.48193435E+00
<   1.47552085E+00  1.46909655E+00  1.46266670E+00  1.45623665E+00  1.44981225E+00
<   1.44339945E+00  1.43700460E+00  1.43063390E+00  1.42429390E+00  1.41799080E+00
<   1.41173105E+00  1.40552075E+00  1.39936580E+00  1.39327205E+00  1.38724480E+00
<   1.38128915E+00  1.37540955E+00  1.36961030E+00  1.36389485E+00  1.35826635E+00
<   1.35272725E+00  1.34727945E+00  1.34192430E+00  1.33666245E+00  1.33149390E+00
<   1.32641820E+00  1.32143410E+00  1.31653985E+00  1.31173315E+00  1.30701100E+00
<   1.30237010E+00  1.29780635E+00  1.29331545E+00  1.28889255E+00  1.28453250E+00
<   1.28022985E+00  1.27597890E+00  1.27177365E+00  1.26760810E+00  1.26347605E+00
<   1.25937140E+00  1.25528790E+00  1.25121960E+00  1.24716040E+00  1.24310470E+00
<   1.23904690E+00  1.23498195E+00  1.23090490E+00  1.22681125E+00  1.22269695E+00
<   1.21855860E+00  1.21439295E+00  1.21019750E+00  1.20597025E+00  1.20170965E+00
<   1.19741480E+00  1.19308530E+00  1.18872140E+00  1.18432375E+00  1.17989365E+00
<   1.17543290E+00  1.17094380E+00  1.16642905E+00  1.16189190E+00  1.15733605E+00
<   1.15276545E+00  1.14818435E+00  1.14359745E+00  1.13900965E+00  1.13442585E+00
<   1.12985130E+00  1.12529110E+00  1.12075065E+00  1.11623520E+00  1.11174995E+00
<   1.10729985E+00  1.10289005E+00  1.09852505E+00  1.09420940E+00  1.08994724E+00
<   1.08574239E+00  1.08159825E+00  1.07751789E+00  1.07350382E+00  1.06955826E+00
<   1.06568284E+00  1.06187872E+00  1.05814663E+00  1.05448677E+00  1.05089877E+00
<   1.04738191E+00  1.04393488E+00  1.04055589E+00  1.03724281E+00  1.03399294E+00
<   1.03080327E+00  1.02767037E+00  1.02459048E+00  1.02155955E+00  1.01857318E+00
<   1.01562695E+00  1.01271600E+00  1.00983563E+00  1.00698073E+00  1.00414646E+00
<   1.00132771E+00  9.98519660E-01  9.95717320E-01  9.92916070E-01  9.90111265E-01
<   9.87298615E-01  9.84474050E-01  9.81633750E-01  9.78774265E-01  9.75892435E-01
<   9.72985545E-01  9.70051310E-01  9.67087715E-01  9.64093290E-01  9.61066970E-01
<   9.58008150E-01  9.54916575E-01  9.51792590E-01  9.48636840E-01  9.45450405E-01
<   9.42234895E-01  9.38992135E-01  9.35724510E-01  9.32434590E-01  9.29125375E-01
<   9.25800130E-01  9.22462345E-01  9.19115695E-01  9.15764075E-01  9.12411540E-01
<   9.09062215E-01  9.05720300E-01  9.02389995E-01  8.99075530E-01  8.95781035E-01
<   8.92510585E-01  8.89268100E-01  8.86057340E-01  8.82881875E-01  8.79745010E-01
<   8.76649810E-01  8.73599030E-01  8.70595110E-01  8.67640165E-01  8.64735945E-01
<   8.61883855E-01  8.59084900E-01  8.56339725E-01  8.53648595E-01  8.51011370E-01
<   8.48427550E-01  8.45896245E-01  8.43416210E-01  8.40985850E-01  8.38603230E-01
<   8.36266100E-01  8.33971935E-01  8.31717925E-01  8.29501045E-01  8.27318070E-01
<   8.25165590E-01  8.23040070E-01  8.20937860E-01  8.18855230E-01  8.16788425E-01
<   8.14733670E-01  8.12687220E-01  8.10645390E-01  8.08604590E-01  8.06561360E-01
<   8.04512395E-01  8.02454575E-01  8.00385000E-01  7.98301010E-01  7.96200195E-01
<   7.94080435E-01  7.91939895E-01  7.89777055E-01  7.87590690E-01  7.85379910E-01
<   7.83144160E-01  7.80883195E-01  7.78597110E-01  7.76286325E-01  7.73951560E-01
<   7.71593865E-01  7.69214580E-01  7.66815305E-01  7.64397915E-01  7.61964510E-01
<   7.59517415E-01  7.57059120E-01  7.54592290E-01  7.52119730E-01  7.49644335E-01
<   7.47169095E-01  7.44697045E-01  7.42231240E-01  7.39774735E-01  7.37330535E-01
<   7.34901605E-01  7.32490790E-01  7.30100845E-01  7.27734345E-01  7.25393735E-01
<   7.23081235E-01  7.20798875E-01  7.18548455E-01  7.16331535E-01  7.14149435E-01
<   7.12003205E-01  7.09893635E-01  7.07821240E-01  7.05786270E-01  7.03788700E-01
<   7.01828225E-01  6.99904270E-01  6.98016025E-01  6.96162400E-01  6.94342095E-01
<   6.92553570E-01  6.90795100E-01  6.89064765E-01  6.87360490E-01  6.85680050E-01
<   6.84021105E-01  6.82381225E-01  6.80757895E-01  6.79148555E-01  6.77550610E-01
<   6.75961475E-01  6.74378565E-01  6.72799360E-01  6.71221405E-01  6.69642325E-01
<   6.68059875E-01  6.66471940E-01  6.64876545E-01  6.63271905E-01  6.61656395E-01
<   6.60028595E-01  6.58387295E-01  6.56731485E-01  6.55060375E-01  6.53373400E-01
<   6.51670225E-01  6.49950720E-01  6.48215020E-01  6.46463440E-01  6.44696535E-01
<   6.42915060E-01  6.41119955E-01  6.39312375E-01  6.37493600E-01  6.35665100E-01
<   6.33828460E-01  6.31985395E-01  6.30137700E-01  6.28287280E-01  6.26436085E-01
<   6.24586115E-01  6.22739390E-01  6.20897940E-01  6.19063775E-01  6.17238875E-01
<   6.15425150E-01  6.13624460E-01  6.11838545E-01  6.10069055E-01  6.08317505E-01
<   6.06585285E-01  6.04873615E-01  6.03183585E-01  6.01516100E-01  5.99871895E-01
<   5.98251520E-01  5.96655365E-01  5.95083620E-01  5.93536295E-01  5.92013220E-01
<   5.90514030E-01  5.89038215E-01  5.87585060E-01  5.86153730E-01  5.84743210E-01
<   5.83352375E-01  5.81979955E-01  5.80624595E-01  5.79284830E-01  5.77959125E-01
<   5.76645880E-01  5.75343450E-01  5.74050155E-01  5.72764305E-01  5.71484215E-01
<   5.70208200E-01  5.68934630E-01  5.67661920E-01  5.66388545E-01  5.65113075E-01
<   5.63834170E-01  5.62550580E-01  5.61261210E-01  5.59965055E-01  5.58661255E-01
<   5.57349110E-01  5.56028045E-01  5.54697635E-01  5.53357610E-01  5.52007855E-01
<   5.50648400E-01  5.49279430E-01  5.47901285E-01  5.46514425E-01  5.45119475E-01
<   5.43717155E-01  5.42308335E-01  5.40893955E-01  5.39475085E-01  5.38052860E-01
<   5.36628480E-01  5.35203200E-01  5.33778330E-01  5.32355210E-01  5.30935180E-01
<   5.29519600E-01  5.28109800E-01  5.26707105E-01  5.25312790E-01  5.23928075E-01
<   5.22554125E-01  5.21192020E-01  5.19842750E-01  5.18507210E-01  5.17186195E-01
<   5.15880380E-01  5.14590325E-01  5.13316460E-01  5.12059105E-01  5.10818435E-01
<   5.09594505E-01  5.08387255E-01  5.07196460E-01  5.06021805E-01  5.04862835E-01
<   5.03718985E-01  5.02589575E-01  5.01473820E-01  5.00370850E-01  4.99279715E-01
<   4.98199380E-01  4.97128760E-01  4.96066715E-01  4.95012070E-01  4.93963625E-01
<   4.92920165E-01  4.91880475E-01  4.90843350E-01  4.89807600E-01  4.88772085E-01
<   4.87735690E-01  4.86697380E-01  4.85656175E-01  4.84611175E-01  4.83561570E-01
<   4.82506630E-01  4.81445760E-01  4.80378440E-01  4.79304270E-01  4.78222960E-01
<   4.77134355E-01  4.76038385E-01  4.74935115E-01  4.73824725E-01  4.72707490E-01
<   4.71583815E-01  4.70454200E-01  4.69319245E-01  4.68179640E-01  4.67036170E-01
<   4.65889680E-01  4.64741100E-01  4.63591395E-01  4.62441585E-01  4.61292725E-01
<   4.60145895E-01  4.59002170E-01  4.57862655E-01  4.56728420E-01  4.55600530E-01
<   4.54480010E-01  4.53367845E-01  4.52264985E-01  4.51172285E-01  4.50090550E-01
<   4.49020505E-01  4.47962790E-01  4.46917930E-01  4.45886380E-01  4.44868470E-01
<   4.43864435E-01  4.42874400E-01  4.41898380E-01  4.40936285E-01  4.39987910E-01
<   4.39052955E-01  4.38131000E-01  4.37221545E-01  4.36323985E-01  4.35437630E-01
<   4.34561700E-01  4.33695355E-01  4.32837680E-01  4.31987700E-01  4.31144420E-01
<   4.30306770E-01  4.29473705E-01  4.28644125E-01  4.27816945E-01  4.26991095E-01
<   4.26165505E-01  4.25339135E-01  4.24510995E-01  4.23680135E-01  4.22845665E-01
<   4.22006750E-01  4.21162645E-01  4.20312680E-01  4.19456270E-01  4.18592935E-01
<   4.17722280E-01  4.16844025E-01  4.15957980E-01  4.15064075E-01  4.14162335E-01
<   4.13252890E-01  4.12335985E-01  4.11411940E-01  4.10481205E-01  4.09544300E-01
<   4.08601845E-01  4.07654540E-01  4.06703155E-01  4.05748540E-01  4.04791590E-01
<   4.03833255E-01  4.02874525E-01  4.01916425E-01  4.00959985E-01  4.00006260E-01
<   3.99056290E-01  3.98111115E-01  3.97171755E-01  3.96239185E-01  3.95314360E-01
<   3.94398175E-01  3.93491470E-01  3.92595010E-01  3.91709490E-01  3.90835540E-01
<   3.89973670E-01  3.89124325E-01  3.88287845E-01  3.87464460E-01  3.86654305E-01
<   3.85857420E-01  3.85073725E-01  3.84303060E-01  3.83545140E-01  3.82799605E-01
<   3.82065975E-01  3.81343710E-01  3.80632160E-01  3.79930605E-01  3.79238245E-01
<   3.78554230E-01  3.77877650E-01  3.77207530E-01  3.76542880E-01  3.75882675E-01
<   3.75225870E-01  3.74571405E-01  3.73918240E-01  3.73265335E-01  3.72611660E-01
<   3.71956235E-01  3.71298120E-01  3.70636400E-01  3.69970230E-01  3.69298830E-01
<   3.68621510E-01  3.67937625E-01  3.67246635E-01  3.66548095E-01  3.65841645E-01
<   3.65127010E-01  3.64404040E-01  3.63672665E-01  3.62932915E-01  3.62184935E-01
---
>    81.2582175088937     
>   0.82850842E+02  0.82842833E+02  0.82830744E+02  0.82810621E+02  0.82782494E+02
>   0.82746404E+02  0.82702393E+02  0.82650501E+02  0.82590760E+02  0.82523193E+02
>   0.82447808E+02  0.82364602E+02  0.82273558E+02  0.82174647E+02  0.82067830E+02
>   0.81953064E+02  0.81830298E+02  0.81699479E+02  0.81560551E+02  0.81413454E+02
>   0.81258123E+02  0.81094485E+02  0.80922460E+02  0.80741955E+02  0.80552864E+02
>   0.80355066E+02  0.80148425E+02  0.79932792E+02  0.79708000E+02  0.79473871E+02
>   0.79230214E+02  0.78976828E+02  0.78713499E+02  0.78440006E+02  0.78156118E+02
>   0.77861594E+02  0.77556186E+02  0.77239639E+02  0.76911688E+02  0.76572067E+02
>   0.76220500E+02  0.75856714E+02  0.75480431E+02  0.75091379E+02  0.74689286E+02
>   0.74273891E+02  0.73844937E+02  0.73402181E+02  0.72945391E+02  0.72474350E+02
>   0.71988856E+02  0.71488729E+02  0.70973805E+02  0.70443947E+02  0.69899042E+02
>   0.69339002E+02  0.68763772E+02  0.68173328E+02  0.67567678E+02  0.66946867E+02
>   0.66310979E+02  0.65660132E+02  0.64994487E+02  0.64314243E+02  0.63619643E+02
>   0.62910968E+02  0.62188543E+02  0.61452738E+02  0.60703961E+02  0.59942668E+02
>   0.59169353E+02  0.58384556E+02  0.57588855E+02  0.56782871E+02  0.55967262E+02
>   0.55142724E+02  0.54309988E+02  0.53469818E+02  0.52623010E+02  0.51770388E+02
>   0.50912804E+02  0.50051131E+02  0.49186266E+02  0.48319123E+02  0.47450632E+02
>   0.46581733E+02  0.45713376E+02  0.44846517E+02  0.43982112E+02  0.43121116E+02
>   0.42264477E+02  0.41413136E+02  0.40568020E+02  0.39730041E+02  0.38900091E+02
>   0.38079039E+02  0.37267730E+02  0.36466978E+02  0.35677567E+02  0.34900245E+02
>   0.34135724E+02  0.33384675E+02  0.32647726E+02  0.31925460E+02  0.31218416E+02
>   0.30527083E+02  0.29851900E+02  0.29193256E+02  0.28551488E+02  0.27926882E+02
>   0.27319669E+02  0.26730028E+02  0.26158086E+02  0.25603916E+02  0.25067540E+02
>   0.24548926E+02  0.24047993E+02  0.23564613E+02  0.23098607E+02  0.22649751E+02
>   0.22217779E+02  0.21802379E+02  0.21403204E+02  0.21019868E+02  0.20651948E+02
>   0.20298994E+02  0.19960522E+02  0.19636026E+02  0.19324974E+02  0.19026815E+02
>   0.18740979E+02  0.18466885E+02  0.18203939E+02  0.17951540E+02  0.17709083E+02
>   0.17475959E+02  0.17251564E+02  0.17035297E+02  0.16826562E+02  0.16624775E+02
>   0.16429365E+02  0.16239773E+02  0.16055459E+02  0.15875900E+02  0.15700598E+02
>   0.15529073E+02  0.15360873E+02  0.15195571E+02  0.15032765E+02  0.14872083E+02
>   0.14713183E+02  0.14555751E+02  0.14399503E+02  0.14244184E+02  0.14089571E+02
>   0.13935471E+02  0.13781719E+02  0.13628179E+02  0.13474746E+02  0.13321340E+02
>   0.13167909E+02  0.13014425E+02  0.12860887E+02  0.12707314E+02  0.12553749E+02
>   0.12400252E+02  0.12246903E+02  0.12093798E+02  0.11941048E+02  0.11788776E+02
>   0.11637117E+02  0.11486213E+02  0.11336217E+02  0.11187285E+02  0.11039577E+02
>   0.10893256E+02  0.10748485E+02  0.10605424E+02  0.10464234E+02  0.10325067E+02
>   0.10188072E+02  0.10053390E+02  0.99211535E+01  0.97914861E+01  0.96645005E+01
>   0.95402981E+01  0.94189685E+01  0.93005887E+01  0.91852223E+01  0.90729197E+01
>   0.89637173E+01  0.88576375E+01  0.87546890E+01  0.86548663E+01  0.85581505E+01
>   0.84645091E+01  0.83738971E+01  0.82862568E+01  0.82015189E+01  0.81196031E+01
>   0.80404188E+01  0.79638659E+01  0.78898359E+01  0.78182123E+01  0.77488721E+01
>   0.76816866E+01  0.76165224E+01  0.75532422E+01  0.74917065E+01  0.74317740E+01
>   0.73733030E+01  0.73161522E+01  0.72601819E+01  0.72052548E+01  0.71512371E+01
>   0.70979990E+01  0.70454157E+01  0.69933682E+01  0.69417437E+01  0.68904366E+01
>   0.68393487E+01  0.67883899E+01  0.67374785E+01  0.66865415E+01  0.66355150E+01
>   0.65843443E+01  0.65329838E+01  0.64813973E+01  0.64295577E+01  0.63774471E+01
>   0.63250561E+01  0.62723843E+01  0.62194391E+01  0.61662359E+01  0.61127976E+01
>   0.60591540E+01  0.60053412E+01  0.59514012E+01  0.58973813E+01  0.58433335E+01
>   0.57893136E+01  0.57353807E+01  0.56815966E+01  0.56280249E+01  0.55747306E+01
>   0.55217793E+01  0.54692364E+01  0.54171667E+01  0.53656338E+01  0.53146994E+01
>   0.52644227E+01  0.52148603E+01  0.51660652E+01  0.51180866E+01  0.50709695E+01
>   0.50247543E+01  0.49794768E+01  0.49351674E+01  0.48918513E+01  0.48495482E+01
>   0.48082726E+01  0.47680330E+01  0.47288328E+01  0.46906697E+01  0.46535363E+01
>   0.46174196E+01  0.45823019E+01  0.45481606E+01  0.45149685E+01  0.44826944E+01
>   0.44513028E+01  0.44207549E+01  0.43910087E+01  0.43620194E+01  0.43337398E+01
>   0.43061211E+01  0.42791126E+01  0.42526628E+01  0.42267196E+01  0.42012307E+01
>   0.41761438E+01  0.41514076E+01  0.41269715E+01  0.41027864E+01  0.40788051E+01
>   0.40549823E+01  0.40312751E+01  0.40076435E+01  0.39840502E+01  0.39604615E+01
>   0.39368464E+01  0.39131781E+01  0.38894329E+01  0.38655911E+01  0.38416365E+01
>   0.38175568E+01  0.37933435E+01  0.37689917E+01  0.37445001E+01  0.37198710E+01
>   0.36951100E+01  0.36702261E+01  0.36452311E+01  0.36201400E+01  0.35949701E+01
>   0.35697410E+01  0.35444746E+01  0.35191946E+01  0.34939260E+01  0.34686953E+01
>   0.34435297E+01  0.34184572E+01  0.33935062E+01  0.33687051E+01  0.33440822E+01
>   0.33196653E+01  0.32954816E+01  0.32715570E+01  0.32479164E+01  0.32245833E+01
>   0.32015795E+01  0.31789250E+01  0.31566376E+01  0.31347333E+01  0.31132258E+01
>   0.30921263E+01  0.30714438E+01  0.30511851E+01  0.30313540E+01  0.30119525E+01
>   0.29929797E+01  0.29744325E+01  0.29563057E+01  0.29385914E+01  0.29212800E+01
>   0.29043597E+01  0.28878169E+01  0.28716362E+01  0.28558008E+01  0.28402925E+01
>   0.28250919E+01  0.28101787E+01  0.27955317E+01  0.27811291E+01  0.27669488E+01
>   0.27529684E+01  0.27391654E+01  0.27255177E+01  0.27120033E+01  0.26986010E+01
>   0.26852902E+01  0.26720510E+01  0.26588648E+01  0.26457142E+01  0.26325827E+01
>   0.26194556E+01  0.26063195E+01  0.25931626E+01  0.25799745E+01  0.25667468E+01
>   0.25534724E+01  0.25401461E+01  0.25267644E+01  0.25133255E+01  0.24998290E+01
>   0.24862763E+01  0.24726704E+01  0.24590157E+01  0.24453177E+01  0.24315836E+01
>   0.24178214E+01  0.24040403E+01  0.23902504E+01  0.23764625E+01  0.23626882E+01
>   0.23489394E+01  0.23352287E+01  0.23215687E+01  0.23079723E+01  0.22944523E+01
>   0.22810212E+01  0.22676916E+01  0.22544753E+01  0.22413840E+01  0.22284283E+01
>   0.22156184E+01  0.22029637E+01  0.21904725E+01  0.21781523E+01  0.21660096E+01
>   0.21540499E+01  0.21422774E+01  0.21306954E+01  0.21193061E+01  0.21081104E+01
>   0.20971082E+01  0.20862983E+01  0.20756783E+01  0.20652450E+01  0.20549940E+01
>   0.20449201E+01  0.20350172E+01  0.20252785E+01  0.20156964E+01  0.20062629E+01
>   0.19969692E+01  0.19878063E+01  0.19787647E+01  0.19698348E+01  0.19610068E+01
>   0.19522707E+01  0.19436167E+01  0.19350350E+01  0.19265161E+01  0.19180509E+01
>   0.19096305E+01  0.19012465E+01  0.18928912E+01  0.18845572E+01  0.18762380E+01
>   0.18679277E+01  0.18596210E+01  0.18513135E+01  0.18430015E+01  0.18346821E+01
>   0.18263531E+01  0.18180133E+01  0.18096620E+01  0.18012995E+01  0.17929268E+01
>   0.17845455E+01  0.17761580E+01  0.17677673E+01  0.17593768E+01  0.17509905E+01
>   0.17426131E+01  0.17342494E+01  0.17259044E+01  0.17175838E+01  0.17092931E+01
>   0.17010381E+01  0.16928246E+01  0.16846585E+01  0.16765454E+01  0.16684910E+01
>   0.16605006E+01  0.16525794E+01  0.16447320E+01  0.16369629E+01  0.16292761E+01
>   0.16216750E+01  0.16141626E+01  0.16067414E+01  0.15994133E+01  0.15921798E+01
>   0.15850416E+01  0.15779989E+01  0.15710515E+01  0.15641983E+01  0.15574381E+01
>   0.15507687E+01  0.15441876E+01  0.15376919E+01  0.15312781E+01  0.15249424E+01
>   0.15186806E+01  0.15124883E+01  0.15063606E+01  0.15002927E+01  0.14942794E+01
>   0.14883155E+01  0.14823958E+01  0.14765151E+01  0.14706682E+01  0.14648500E+01
>   0.14590555E+01  0.14532802E+01  0.14475195E+01  0.14417693E+01  0.14360260E+01
>   0.14302860E+01  0.14245463E+01  0.14188046E+01  0.14130587E+01  0.14073069E+01
>   0.14015482E+01  0.13957819E+01  0.13900078E+01  0.13842264E+01  0.13784384E+01
>   0.13726450E+01  0.13668481E+01  0.13610497E+01  0.13552525E+01  0.13494592E+01
>   0.13436733E+01  0.13378981E+01  0.13321376E+01  0.13263955E+01  0.13206762E+01
>   0.13149837E+01  0.13093224E+01  0.13036966E+01  0.12981106E+01  0.12925684E+01
>   0.12870743E+01  0.12816320E+01  0.12762452E+01  0.12709174E+01  0.12656517E+01
>   0.12604509E+01  0.12553173E+01  0.12502531E+01  0.12452598E+01  0.12403387E+01
>   0.12354903E+01  0.12307151E+01  0.12260129E+01  0.12213830E+01  0.12168243E+01
>   0.12123354E+01  0.12079142E+01  0.12035584E+01  0.11992652E+01  0.11950315E+01
>   0.11908538E+01  0.11867282E+01  0.11826508E+01  0.11786171E+01  0.11746228E+01
>   0.11706631E+01  0.11667334E+01  0.11628288E+01  0.11589446E+01  0.11550759E+01
>   0.11512181E+01  0.11473666E+01  0.11435170E+01  0.11396650E+01  0.11358066E+01
>   0.11319382E+01  0.11280564E+01  0.11241582E+01  0.11202408E+01  0.11163020E+01
>   0.11123401E+01  0.11083536E+01  0.11043415E+01  0.11003034E+01  0.10962392E+01
>   0.10921494E+01  0.10880347E+01  0.10838965E+01  0.10797365E+01  0.10755569E+01
>   0.10713601E+01  0.10671491E+01  0.10629270E+01  0.10586973E+01  0.10544640E+01
>   0.10502310E+01  0.10460024E+01  0.10417827E+01  0.10375764E+01  0.10333878E+01
>   0.10292216E+01  0.10250822E+01  0.10209740E+01  0.10169015E+01  0.10128688E+01
>   0.10088798E+01  0.10049384E+01  0.10010480E+01  0.99721191E+00  0.99343288E+00
>   0.98971347E+00  0.98605580E+00  0.98246158E+00  0.97893213E+00  0.97546832E+00
>   0.97207059E+00  0.96873895E+00  0.96547296E+00  0.96227175E+00  0.95913404E+00
>   0.95605812E+00  0.95304186E+00  0.95008278E+00  0.94717802E+00  0.94432437E+00
>   0.94151833E+00  0.93875613E+00  0.93603375E+00  0.93334699E+00  0.93069147E+00
>   0.92806270E+00  0.92545610E+00  0.92286706E+00  0.92029096E+00  0.91772322E+00
>   0.91515933E+00  0.91259492E+00  0.91002574E+00  0.90744774E+00  0.90485713E+00
>   0.90225033E+00  0.89962410E+00  0.89697550E+00  0.89430193E+00  0.89160117E+00
>   0.88887139E+00  0.88611112E+00  0.88331933E+00  0.88049538E+00  0.87763904E+00
>   0.87475050E+00  0.87183035E+00  0.86887958E+00  0.86589958E+00  0.86289211E+00
>   0.85985929E+00  0.85680357E+00  0.85372772E+00  0.85063478E+00  0.84752805E+00
>   0.84441106E+00  0.84128749E+00  0.83816119E+00  0.83503612E+00  0.83191632E+00
>   0.82880586E+00  0.82570884E+00  0.82262928E+00  0.81957120E+00  0.81653845E+00
>   0.81353478E+00  0.81056376E+00  0.80762874E+00  0.80473286E+00  0.80187895E+00
>   0.79906961E+00  0.79630708E+00  0.79359329E+00  0.79092984E+00  0.78831797E+00
>   0.78575856E+00  0.78325212E+00  0.78079879E+00  0.77839837E+00  0.77605025E+00
>   0.77375349E+00  0.77150679E+00  0.76930851E+00  0.76715671E+00  0.76504913E+00
>   0.76298324E+00  0.76095626E+00  0.75896518E+00  0.75700681E+00  0.75507778E+00
>   0.75317460E+00  0.75129367E+00  0.74943132E+00  0.74758382E+00  0.74574746E+00
>   0.74391854E+00  0.74209341E+00  0.74026852E+00  0.73844042E+00  0.73660585E+00
>   0.73476168E+00  0.73290502E+00  0.73103320E+00  0.72914379E+00  0.72723463E+00
>   0.72530384E+00  0.72334983E+00  0.72137133E+00  0.71936736E+00  0.71733725E+00
>   0.71528069E+00  0.71319764E+00  0.71108840E+00  0.70895360E+00  0.70679413E+00
>   0.70461120E+00  0.70240630E+00  0.70018115E+00  0.69793774E+00  0.69567825E+00
>   0.69340507E+00  0.69112074E+00  0.68882796E+00  0.68652955E+00  0.68422841E+00
>   0.68192753E+00  0.67962991E+00  0.67733859E+00  0.67505657E+00  0.67278682E+00
>   0.67053223E+00  0.66829560E+00  0.66607960E+00  0.66388675E+00  0.66171942E+00
>   0.65957976E+00  0.65746975E+00  0.65539113E+00  0.65334541E+00  0.65133388E+00
>   0.64935756E+00  0.64741721E+00  0.64551335E+00  0.64364622E+00  0.64181580E+00
>   0.64002181E+00  0.63826370E+00  0.63654070E+00  0.63485177E+00  0.63319568E+00
>   0.63157096E+00  0.62997596E+00  0.62840886E+00  0.62686768E+00  0.62535029E+00
>   0.62385446E+00  0.62237785E+00  0.62091806E+00  0.61947262E+00  0.61803903E+00
>   0.61661480E+00  0.61519742E+00  0.61378446E+00  0.61237353E+00  0.61096231E+00
>   0.60954861E+00  0.60813035E+00  0.60670557E+00  0.60527248E+00  0.60382945E+00
>   0.60237502E+00  0.60090793E+00  0.59942709E+00  0.59793163E+00  0.59642089E+00
>   0.59489439E+00  0.59335188E+00  0.59179334E+00  0.59021892E+00  0.58862900E+00
>   0.58702413E+00  0.58540506E+00  0.58377272E+00  0.58212818E+00  0.58047267E+00
>   0.57880755E+00  0.57713431E+00  0.57545452E+00  0.57376985E+00  0.57208206E+00
>   0.57039293E+00  0.56870430E+00  0.56701802E+00  0.56533593E+00  0.56365988E+00
>   0.56199164E+00  0.56033297E+00  0.55868552E+00  0.55705088E+00  0.55543053E+00
>   0.55382586E+00  0.55223810E+00  0.55066839E+00  0.54911771E+00  0.54758691E+00
>   0.54607666E+00  0.54458750E+00  0.54311980E+00  0.54167378E+00  0.54024949E+00
>   0.53884681E+00  0.53746549E+00  0.53610510E+00  0.53476511E+00  0.53344482E+00
>   0.53214343E+00  0.53086000E+00  0.52959351E+00  0.52834285E+00  0.52710682E+00
>   0.52588415E+00  0.52467353E+00  0.52347359E+00  0.52228295E+00  0.52110021E+00
>   0.51992395E+00  0.51875281E+00  0.51758542E+00  0.51642046E+00  0.51525668E+00
>   0.51409289E+00  0.51292795E+00  0.51176085E+00  0.51059063E+00  0.50941644E+00
>   0.50823756E+00  0.50705335E+00  0.50586330E+00  0.50466700E+00  0.50346419E+00
>   0.50225470E+00  0.50103850E+00  0.49981568E+00  0.49858642E+00  0.49735104E+00
>   0.49610994E+00  0.49486364E+00  0.49361271E+00  0.49235785E+00  0.49109979E+00
>   0.48983934E+00  0.48857735E+00  0.48731473E+00  0.48605242E+00  0.48479137E+00
>   0.48353255E+00  0.48227693E+00  0.48102547E+00  0.47977912E+00  0.47853877E+00
>   0.47730530E+00  0.47607952E+00  0.47486220E+00  0.47365401E+00  0.47245560E+00
>   0.47126750E+00  0.47009018E+00  0.46892402E+00  0.46776932E+00  0.46662628E+00
>   0.46549502E+00  0.46437557E+00  0.46326785E+00  0.46217171E+00  0.46108690E+00
>   0.46001310E+00  0.45894990E+00  0.45789683E+00  0.45685334E+00  0.45581884E+00
>   0.45479269E+00  0.45377418E+00  0.45276261E+00  0.45175720E+00  0.45075721E+00
>   0.44976184E+00  0.44877032E+00  0.44778187E+00  0.44679573E+00  0.44581118E+00
>   0.44482750E+00  0.44384405E+00  0.44286022E+00  0.44187545E+00  0.44088924E+00
>   0.43990116E+00  0.43891087E+00  0.43791806E+00  0.43692252E+00  0.43592411E+00
>   0.43492278E+00  0.43391852E+00  0.43291144E+00  0.43190170E+00  0.43088954E+00
>   0.42987526E+00  0.42885924E+00  0.42784192E+00  0.42682379E+00  0.42580540E+00
>   0.42478732E+00  0.42377019E+00  0.42275463E+00  0.42174133E+00  0.42073096E+00
>   0.41972421E+00  0.41872175E+00  0.41772427E+00  0.41673242E+00  0.41574683E+00
>   0.41476809E+00  0.41379677E+00  0.41283339E+00  0.41187839E+00  0.41093218E+00
>   0.40999509E+00  0.40906741E+00  0.40814931E+00  0.40724094E+00  0.40634234E+00
>   0.40545349E+00  0.40457430E+00  0.40370459E+00  0.40284413E+00  0.40199259E+00
>   0.40114961E+00  0.40031472E+00  0.39948742E+00  0.39866715E+00  0.39785329E+00
>   0.39704518E+00  0.39624213E+00  0.39544342E+00  0.39464829E+00  0.39385600E+00
>   0.39306576E+00  0.39227684E+00  0.39148846E+00  0.39069989E+00  0.38991043E+00
>   0.38911939E+00  0.38832612E+00  0.38753003E+00  0.38673058E+00  0.38592729E+00
>   0.38511972E+00  0.38430753E+00  0.38349044E+00  0.38266825E+00  0.38184083E+00
>   0.38100813E+00  0.38017020E+00  0.37932714E+00  0.37847915E+00  0.37762650E+00
>   0.37676952E+00  0.37590865E+00  0.37504435E+00  0.37417719E+00  0.37330777E+00
>   0.37243675E+00  0.37156484E+00  0.37069279E+00  0.36982139E+00  0.36895143E+00
>   0.36808373E+00  0.36721913E+00  0.36635846E+00  0.36550252E+00  0.36465213E+00
>   0.36380806E+00  0.36297106E+00  0.36214185E+00  0.36132107E+00  0.36050935E+00
>   0.35970723E+00  0.35891520E+00  0.35813366E+00  0.35736295E+00  0.35660333E+00
>   0.35585497E+00  0.35511796E+00  0.35439231E+00  0.35367794E+00  0.35297467E+00
>   0.35228227E+00  0.35160039E+00  0.35092863E+00  0.35026650E+00  0.34961345E+00
>   0.34896884E+00  0.34833199E+00  0.34770216E+00  0.34707855E+00  0.34646033E+00
>   0.34584663E+00  0.34523657E+00  0.34462923E+00  0.34402369E+00  0.34341905E+00
>   0.34281440E+00  0.34220884E+00  0.34160150E+00  0.34099157E+00  0.34037823E+00
>   0.33976075E+00  0.33913845E+00  0.33851068E+00  0.33787689E+00  0.33723659E+00
>   0.33658939E+00  0.33593494E+00  0.33527302E+00  0.33460347E+00  0.33392623E+00
875,894c875,894
<   1.12392225E+01  1.12059945E+01  1.11067050E+01  1.09425315E+01  1.07154179E+01
<   1.04280417E+01  1.00837732E+01  9.68662460E+00  9.24118635E+00  8.75255735E+00
<   8.22626850E+00  7.66819820E+00  7.08448555E+00  6.48143960E+00  5.86544810E+00
<   5.24288630E+00  4.62002800E+00  4.00295990E+00  3.39750105E+00  2.80912805E+00
<   2.24290800E+00  1.70343985E+00  1.19480404E+00  7.20522885E-01  2.83530636E-01
<  -1.13846195E-01 -4.69897790E-01 -7.83529950E-01 -1.05425319E+00 -1.28216205E+00
<  -1.46790665E+00 -1.61265540E+00 -1.71805150E+00 -1.78616355E+00 -1.81943130E+00
<  -1.82060795E+00 -1.79270010E+00 -1.73890660E+00 -1.66255735E+00 -1.56705310E+00
<  -1.45580755E+00 -1.33219265E+00 -1.19948741E+00 -1.06083172E+00 -9.19185285E-01
<  -7.77292360E-01 -6.37652400E-01 -5.02496977E-01 -3.73773145E-01 -2.53132805E-01
<  -1.41928210E-01 -4.12132300E-02  4.82501450E-02  1.25980370E-01  1.91760640E-01
<   2.45619495E-01  2.87808349E-01  3.18776611E-01  3.39145082E-01  3.49678270E-01
<   3.51256265E-01  3.44846715E-01  3.31477555E-01  3.12210910E-01  2.88118600E-01
<   2.60259680E-01  2.29660230E-01  1.97295680E-01  1.64075800E-01  1.30832413E-01
<   9.83099020E-02  6.71583930E-02  3.79296050E-02  1.10751170E-02 -1.30530480E-02
<  -3.41998315E-02 -5.22026745E-02 -6.69856155E-02 -7.85520268E-02 -8.69764320E-02
<  -9.23956030E-02 -9.49991935E-02 -9.50202195E-02 -9.27255000E-02 -8.84064255E-02
<  -8.23700630E-02 -7.49308705E-02 -6.64030905E-02 -5.70939230E-02 -4.72975485E-02
<  -3.72900479E-02 -2.73252183E-02 -1.76312955E-02 -8.40854650E-03  1.72301500E-04
<   7.97085850E-03  1.48771595E-02  2.08111108E-02  2.57213837E-02  2.95838295E-02
---
>   0.12277371E+02  0.12238934E+02  0.12124104E+02  0.11934316E+02  0.11671938E+02
>   0.11340230E+02  0.10943293E+02  0.10486005E+02  0.99739400E+01  0.94132815E+01
>   0.88107262E+01  0.81733781E+01  0.75086397E+01  0.68240983E+01  0.61274123E+01
>   0.54261974E+01  0.47279158E+01  0.40397698E+01  0.33686026E+01  0.27208061E+01
>   0.21022387E+01  0.15181545E+01  0.97314308E+00  0.47108270E+00  0.15106652E-01
>  -0.39241743E+00 -0.74989456E+00 -0.10564963E+01 -0.13121423E+01 -0.15174690E+01
>  -0.16737888E+01 -0.17830379E+01 -0.18477162E+01 -0.18708202E+01 -0.18557699E+01
>  -0.18063311E+01 -0.17265361E+01 -0.16206027E+01 -0.14928540E+01 -0.13476401E+01
>  -0.11892634E+01 -0.10219086E+01 -0.84957823E+00 -0.67603534E+00 -0.50475327E+00
>  -0.33887392E+00 -0.18117440E+00 -0.34042525E-01  0.10053904E+00  0.22099985E+00
>   0.32618058E+00  0.41532396E+00  0.48805864E+00  0.54437648E+00  0.58460424E+00
>   0.60937056E+00  0.61956915E+00  0.61631921E+00  0.60092406E+00  0.57482899E+00
>   0.53957925E+00  0.49677900E+00  0.44805215E+00  0.39500572E+00  0.33919636E+00
>   0.28210055E+00  0.22508892E+00  0.16940484E+00  0.11614762E+00  0.66260257E-01
>   0.20521664E-01 -0.20456674E-01 -0.56229970E-01 -0.86515606E-01 -0.11118520E+00
>  -0.13025375E+00 -0.14386623E+00 -0.15228239E+00 -0.15585993E+00 -0.15503688E+00
>  -0.15031354E+00 -0.14223444E+00 -0.13137088E+00 -0.11830422E+00 -0.10361058E+00
>  -0.87846905E-01 -0.71538852E-01 -0.55170559E-01 -0.39176410E-01 -0.23934847E-01
>  -0.97642167E-02  0.30794373E-02  0.14402727E-01  0.24073587E-01  0.32018435E-01
>   0.38218039E-01  0.42702328E-01  0.45544371E-01  0.46853777E-01  0.46769755E-01
896,915c896,915
<  -2.13133170E+00 -2.12902600E+00 -2.12210605E+00 -2.11056349E+00 -2.09438435E+00
<  -2.07354983E+00 -2.04803613E+00 -2.01781547E+00 -1.98285639E+00 -1.94312477E+00
<  -1.89858436E+00 -1.84919819E+00 -1.79492911E+00 -1.73574134E+00 -1.67160172E+00
<  -1.60248078E+00 -1.52835436E+00 -1.44920512E+00 -1.36502408E+00 -1.27581226E+00
<  -1.18158234E+00 -1.08236036E+00 -9.78187690E-01 -8.69122585E-01 -7.55242095E-01
<  -6.36643890E-01 -5.13448145E-01 -3.85799080E-01 -2.53866910E-01 -1.17849415E-01
<   2.20264450E-02  1.65503030E-01  3.12290630E-01  4.62066240E-01  6.14472500E-01
<   7.69116760E-01  9.25570545E-01  1.08336889E+00  1.24201048E+00  1.40095754E+00
<   1.55963665E+00  1.71743920E+00  1.87372310E+00  2.02781410E+00  2.17900810E+00
<   2.32657400E+00  2.46975650E+00  2.60778000E+00  2.73985305E+00  2.86517285E+00
<   2.98293105E+00  3.09231970E+00  3.19253760E+00  3.28279780E+00  3.36233530E+00
<   3.43041495E+00  3.48634045E+00  3.52946315E+00  3.55919135E+00  3.57499960E+00
<   3.57643840E+00  3.56314335E+00  3.53484450E+00  3.49137465E+00  3.43267790E+00
<   3.35881675E+00  3.26997845E+00  3.16648010E+00  3.04877285E+00  2.91744370E+00
<   2.77321650E+00  2.61695085E+00  2.44963870E+00  2.27239965E+00  2.08647590E+00
<   1.89323350E+00  1.69402680E+00  1.48857628E+00  1.31474625E+00  1.15622203E+00
<   1.00833857E+00  8.71474510E-01  7.46485250E-01  6.34133490E-01  5.35086348E-01
<   4.49916092E-01  3.79092566E-01  3.22995772E-01  2.81939986E-01  2.55186950E-01
<   2.43501460E-01  2.02522420E-01  1.65525525E-01  1.30325450E-01  9.79653210E-02
<   6.87844285E-02  4.30804259E-02  2.13956477E-02  2.38929340E-03  0.00000000E+00
---
>   0.10135419E+01  0.10110194E+01  0.10034776E+01  0.99099412E+00  0.97369779E+00
>   0.95176774E+00  0.92543253E+00  0.89496865E+00  0.86069892E+00  0.82299047E+00
>   0.78225247E+00  0.73893363E+00  0.69351938E+00  0.64652872E+00  0.59851095E+00
>   0.55004204E+00  0.50172078E+00  0.45416476E+00  0.40800605E+00  0.36388678E+00
>   0.32245442E+00  0.28435698E+00  0.25023802E+00  0.22073153E+00  0.19645671E+00
>   0.17801262E+00  0.16597281E+00  0.16087986E+00  0.16323995E+00  0.17351739E+00
>   0.19212924E+00  0.21943997E+00  0.25575623E+00  0.30132180E+00  0.35631272E+00
>   0.42083262E+00  0.49490839E+00  0.57848609E+00  0.67142735E+00  0.77350608E+00
>   0.88440580E+00  0.10037174E+01  0.11309377E+01  0.12654683E+01  0.14066156E+01
>   0.15535915E+01  0.17055146E+01  0.18614129E+01  0.20202271E+01  0.21808149E+01
>   0.23419568E+01  0.25023624E+01  0.26606782E+01  0.28154967E+01  0.29653664E+01
>   0.31088027E+01  0.32443008E+01  0.33703486E+01  0.34854415E+01  0.35880970E+01
>   0.36768716E+01  0.37503766E+01  0.38072958E+01  0.38464021E+01  0.38665757E+01
>   0.38668202E+01  0.38462799E+01  0.38042550E+01  0.37402168E+01  0.36538205E+01
>   0.35449174E+01  0.34135643E+01  0.32600315E+01  0.30848076E+01  0.28886072E+01
>   0.26723904E+01  0.24371115E+01  0.21804939E+01  0.19766060E+01  0.17912356E+01
>   0.16135673E+01  0.14429899E+01  0.12799806E+01  0.11249834E+01  0.97841754E+00
>   0.84069355E+00  0.71221083E+00  0.59335265E+00  0.48448091E+00  0.38593048E+00
>   0.29800326E+00  0.22096260E+00  0.15502734E+00  0.10036709E+00  0.57095612E-01
>   0.25276137E-01  0.49091088E-02 -0.43124905E-02 -0.11038237E-02  0.00000000E+00
917,936c917,936
<   9.79636785E+00  9.75585985E+00  9.63485745E+00  9.43491750E+00  9.15860700E+00
<   8.80946210E+00  8.39193225E+00  7.91130725E+00  7.37363575E+00  6.78562885E+00
<   6.15455545E+00  5.48812910E+00  4.79438970E+00  4.08158125E+00  3.35802810E+00
<   2.63201200E+00  1.91165200E+00  1.20478926E+00  5.18878485E-01 -1.39111904E-01
<  -7.62789605E-01 -1.34641665E+00 -1.88497530E+00 -2.37422005E+00 -2.81071630E+00
<  -3.19186410E+00 -3.51590795E+00 -3.78193235E+00 -3.98984395E+00 -4.14034060E+00
<  -4.23486885E+00 -4.27557045E+00 -4.26521965E+00 -4.20715250E+00 -4.10518975E+00
<  -3.96355515E+00 -3.78679030E+00 -3.57966855E+00 -3.34710845E+00 -3.09408940E+00
<  -2.82557025E+00 -2.54641230E+00 -2.26130815E+00 -1.97471695E+00 -1.69080740E+00
<  -1.41340879E+00 -1.14597079E+00 -8.91532125E-01 -6.52698050E-01 -4.31627070E-01
<  -2.30026260E-01 -4.91544800E-02  1.10166225E-01  2.47532540E-01  3.62935455E-01
<   4.56730475E-01  5.29603292E-01  5.82532025E-01  6.16746770E-01  6.33687670E-01
<   6.34962020E-01  6.22301740E-01  5.97521740E-01  5.62479955E-01  5.19039755E-01
<   4.69035235E-01  4.14239895E-01  3.56339010E-01  2.96905975E-01  2.37382800E-01
<   1.79064727E-01  1.23089044E-01  7.04279305E-02  2.18850850E-02 -2.19039950E-02
<  -6.04684925E-02 -9.34958215E-02 -1.20822625E-01 -1.42423642E-01 -1.58398839E-01
<  -1.68959227E-01 -1.74411743E-01 -1.75143660E-01 -1.71606790E-01 -1.64301865E-01
<  -1.53763390E-01 -1.40545240E-01 -1.25207210E-01 -1.08302681E-01 -9.03675890E-02
<  -7.19107630E-02 -5.34057095E-02 -3.52838678E-02 -1.79293415E-02 -1.67506000E-03
<   1.31996790E-02  2.64703650E-02  3.79672322E-02  4.75741164E-02  5.52263470E-02
---
>   0.11418823E+02  0.11371674E+02  0.11230854E+02  0.10998235E+02  0.10676903E+02
>   0.10271108E+02  0.97861962E+01  0.92285194E+01  0.86053369E+01  0.79246969E+01
>   0.71953087E+01  0.64264044E+01  0.56275941E+01  0.48087167E+01  0.39796884E+01
>   0.31503525E+01  0.23303328E+01  0.15288930E+01  0.75480412E+00  0.16223231E-01
>  -0.67941575E+00 -0.13254967E+01 -0.19163005E+01 -0.24470671E+01 -0.29140407E+01
>  -0.33144965E+01 -0.36467499E+01 -0.39101476E+01 -0.41050422E+01 -0.42327503E+01
>  -0.42954960E+01 -0.42963404E+01 -0.42391000E+01 -0.41282544E+01 -0.39688470E+01
>  -0.37663786E+01 -0.35266985E+01 -0.32558930E+01 -0.29601748E+01 -0.26457751E+01
>  -0.23188395E+01 -0.19853306E+01 -0.16509381E+01 -0.13209978E+01 -0.10004212E+01
>  -0.69363558E+00 -0.40453657E+00 -0.13645205E+00  0.10788130E+00  0.32632946E+00
>   0.51736089E+00  0.68003514E+00  0.81398118E+00  0.91936628E+00  0.99685661E+00
>   0.10475708E+01  0.10730276E+01  0.10750893E+01  0.10559019E+01  0.10178339E+01
>   0.96341431E+00  0.89527194E+00  0.81607672E+00  0.72848415E+00  0.63508388E+00
>   0.53835325E+00  0.44061642E+00  0.34400955E+00  0.25045240E+00  0.16162658E+00
>   0.78960254E-01  0.36195485E-02 -0.63494009E-01 -0.12174009E+00 -0.17073087E+00
>  -0.21031750E+00 -0.24057247E+00 -0.26176853E+00 -0.27435489E+00 -0.27893144E+00
>  -0.27622172E+00 -0.26704533E+00 -0.25229056E+00 -0.23288771E+00 -0.20978373E+00
>  -0.18391871E+00 -0.15620452E+00 -0.12750607E+00 -0.98625262E-01 -0.70287938E-01
>  -0.43133776E-01 -0.17709212E-01  0.55367455E-02  0.26253939E-01  0.44189925E-01
>   0.59186541E-01  0.71174450E-01  0.80165998E-01  0.86246702E-01  0.89565720E-01
938,957c938,957
<  -1.30689499E+01 -1.30611893E+01 -1.30379104E+01 -1.29991206E+01 -1.29448332E+01
<  -1.28750656E+01 -1.27898445E+01 -1.26891998E+01 -1.25731727E+01 -1.24418113E+01
<  -1.22951742E+01 -1.21333317E+01 -1.19563673E+01 -1.17643769E+01 -1.15574753E+01
<  -1.13357933E+01 -1.10994831E+01 -1.08487178E+01 -1.05836949E+01 -1.03046393E+01
<  -1.00118029E+01 -9.70547045E+00 -9.38595955E+00 -9.05362370E+00 -8.70885495E+00
<  -8.35208740E+00 -7.98379725E+00 -7.60450715E+00 -7.21478815E+00 -6.81526160E+00
<  -6.40660160E+00 -5.98953680E+00 -5.56485225E+00 -5.13339090E+00 -4.69605505E+00
<  -4.25380705E+00 -3.80767030E+00 -3.35872915E+00 -2.90812895E+00 -2.45707510E+00
<  -2.00683209E+00 -1.55872126E+00 -1.11411860E+00 -6.74451335E-01 -2.41193850E-01
<   1.84137050E-01  5.99987875E-01  1.00477514E+00  1.39689306E+00  1.77472182E+00
<   2.13663765E+00  2.48102300E+00  2.80627840E+00  3.11083500E+00  3.39316790E+00
<   3.65181100E+00  3.88537165E+00  4.09254655E+00  4.27213840E+00  4.42307200E+00
<   4.54441145E+00  4.63537645E+00  4.69535875E+00  4.72393745E+00  4.72089405E+00
<   4.68622525E+00  4.62015510E+00  4.52314435E+00  4.39589820E+00  4.23937080E+00
<   4.05476780E+00  3.84354455E+00  3.60740245E+00  3.34828060E+00  3.06834955E+00
<   2.77001865E+00  2.45564720E+00  2.12402600E+00  1.85681188E+00  1.61794057E+00
<   1.39666409E+00  1.19320574E+00  1.00884532E+00  8.44690985E-01  7.01679960E-01
<   5.80589108E-01  4.82026016E-01  4.06451589E-01  3.54220795E-01  3.24029410E-01
<   3.16942170E-01  2.62947185E-01  2.14591235E-01  1.68406132E-01  1.26016737E-01
<   8.79405170E-02  5.46297380E-02  2.68280410E-02  2.96651225E-03  0.00000000E+00
---
>  -0.73153468E+01 -0.73161587E+01 -0.73185568E+01 -0.73224281E+01 -0.73275854E+01
>  -0.73337683E+01 -0.73406449E+01 -0.73478136E+01 -0.73548064E+01 -0.73610916E+01
>  -0.73660773E+01 -0.73691155E+01 -0.73695066E+01 -0.73665039E+01 -0.73593196E+01
>  -0.73471296E+01 -0.73290803E+01 -0.73042946E+01 -0.72718787E+01 -0.72309295E+01
>  -0.71805417E+01 -0.71198159E+01 -0.70478661E+01 -0.69638284E+01 -0.68668689E+01
>  -0.67561929E+01 -0.66310532E+01 -0.64907588E+01 -0.63346844E+01 -0.61622787E+01
>  -0.59730735E+01 -0.57666925E+01 -0.55428597E+01 -0.53014081E+01 -0.50422874E+01
>  -0.47655722E+01 -0.44714690E+01 -0.41603232E+01 -0.38326250E+01 -0.34890153E+01
>  -0.31302901E+01 -0.27574042E+01 -0.23714743E+01 -0.19737804E+01 -0.15657660E+01
>  -0.11490376E+01 -0.72536185E+00 -0.29666171E+00  0.13498942E+00  0.56737505E+00
>   0.99814530E+00  0.14248280E+01  0.18448424E+01  0.22555145E+01  0.26540946E+01
>   0.30377774E+01  0.34037231E+01  0.37490815E+01  0.40710176E+01  0.43667384E+01
>   0.46335221E+01  0.48687474E+01  0.50699250E+01  0.52347282E+01  0.53610253E+01
>   0.54469100E+01  0.54907327E+01  0.54911293E+01  0.54470491E+01  0.53577795E+01
>   0.52229694E+01  0.50426473E+01  0.48172376E+01  0.45475714E+01  0.42349028E+01
>   0.38809547E+01  0.34873743E+01  0.30487304E+01  0.27254165E+01  0.24425122E+01
>   0.21758915E+01  0.19235661E+01  0.16858864E+01  0.14631146E+01  0.12554500E+01
>   0.10630746E+01  0.88615615E+00  0.72484647E+00  0.57927876E+00  0.44956367E+00
>   0.33578418E+00  0.23799041E+00  0.15619345E+00  0.90360163E-01  0.40404053E-01
>   0.61990039E-02 -0.12443364E-01 -0.16261634E-01 -0.27445590E-02  0.00000000E+00
963,982c963,982
<   0.00000000E+00  3.01672460E-01  6.01095585E-01  8.96047525E-01  1.18436100E+00
<   1.46394940E+00  1.73283125E+00  1.98915355E+00  2.23121175E+00  2.45746860E+00
<   2.66656895E+00  2.85735235E+00  3.02886230E+00  3.18035185E+00  3.31128680E+00
<   3.42134465E+00  3.51041140E+00  3.57857510E+00  3.62611635E+00  3.65349710E+00
<   3.66134690E+00  3.65044725E+00  3.62171550E+00  3.57618625E+00  3.51499365E+00
<   3.43935240E+00  3.35053905E+00  3.24987425E+00  3.13870485E+00  3.01838775E+00
<   2.89027440E+00  2.75569695E+00  2.61595580E+00  2.47230885E+00  2.32596200E+00
<   2.17806175E+00  2.02968920E+00  1.88185519E+00  1.73549741E+00  1.59147832E+00
<   1.45058441E+00  1.31352618E+00  1.18093921E+00  1.05338555E+00  9.31355602E-01
<   8.15270612E-01  7.05484730E-01  6.02287925E-01  5.05908100E-01  4.16513700E-01
<   3.34215930E-01  2.59070775E-01  1.91081115E-01  1.30198560E-01  7.63252950E-02
<   2.93158950E-02 -1.10207450E-02 -4.49194000E-02 -7.26562350E-02 -9.45462600E-02
<  -1.10940435E-01 -1.22222381E-01 -1.28804642E-01 -1.31124509E-01 -1.29639389E-01
<  -1.24821745E-01 -1.17153665E-01 -1.07121103E-01 -9.52078965E-02 -8.18896350E-02
<  -6.76275419E-02 -5.28624295E-02 -3.80089045E-02 -2.34499605E-02 -9.53203000E-03
<   3.43930000E-03  1.52028505E-02  2.55445980E-02  3.42994695E-02  4.13522185E-02
<   4.66372790E-02  5.01376005E-02  5.18825230E-02  5.19447273E-02  5.04362532E-02
<   4.75038445E-02  4.33235585E-02  3.80949085E-02  3.20346180E-02  2.53701705E-02
<   1.83333202E-02  1.11537135E-02  4.05280100E-03 -2.76182300E-03 -9.10150600E-03
<  -1.48009345E-02 -1.97217330E-02 -2.37551975E-02 -2.68241020E-02 -2.88835635E-02
---
>   0.00000000E+00  0.27778117E+00  0.55411387E+00  0.82756170E+00  0.10967123E+01
>   0.13601889E+01  0.16166614E+01  0.18648574E+01  0.21035712E+01  0.23316737E+01
>   0.25481198E+01  0.27519557E+01  0.29423251E+01  0.31184736E+01  0.32797530E+01
>   0.34256232E+01  0.35556542E+01  0.36695264E+01  0.37670294E+01  0.38480610E+01
>   0.39126243E+01  0.39608239E+01  0.39928627E+01  0.40090358E+01  0.40097265E+01
>   0.39953995E+01  0.39665951E+01  0.39239230E+01  0.38680554E+01  0.37997205E+01
>   0.37196959E+01  0.36288016E+01  0.35278938E+01  0.34178583E+01  0.32996041E+01
>   0.31740574E+01  0.30421557E+01  0.29048419E+01  0.27630588E+01  0.26177438E+01
>   0.24698237E+01  0.23202094E+01  0.21697915E+01  0.20194353E+01  0.18699762E+01
>   0.17222157E+01  0.15769165E+01  0.14347993E+01  0.12965382E+01  0.11627576E+01
>   0.10340287E+01  0.91086625E+00  0.79372608E+00  0.68300265E+00  0.57902716E+00
>   0.48206607E+00  0.39232024E+00  0.30992449E+00  0.23494786E+00  0.16739445E+00
>   0.10720490E+00  0.54258488E-01  0.83759565E-02 -0.30677109E-01 -0.63186248E-01
>  -0.89483530E-01 -0.10994244E+00 -0.12497231E+00 -0.13501235E+00 -0.14052537E+00
>  -0.14199134E+00 -0.13990077E+00 -0.13474811E+00 -0.12702527E+00 -0.11721526E+00
>  -0.10578621E+00 -0.93185739E-01 -0.79835834E-01 -0.66128281E-01 -0.52420743E-01
>  -0.39033532E-01 -0.26247119E-01 -0.14300414E-01 -0.33898255E-02  0.63309064E-02
>   0.14750115E-01  0.21796890E-01  0.27439092E-01  0.31680744E-01  0.34558895E-01
>   0.36140027E-01  0.36516093E-01  0.35800293E-01  0.34122682E-01  0.31625710E-01
>   0.28459791E-01  0.24779002E-01  0.20736994E-01  0.16483196E-01  0.12159383E-01
984,1003c984,1003
<   0.00000000E+00  3.15236096E-01  6.29584672E-01  9.42161300E-01  1.25208770E+00
<   1.55849504E+00  1.86052649E+00  2.15734079E+00  2.44811479E+00  2.73204651E+00
<   3.00835777E+00  3.27629732E+00  3.53514288E+00  3.78420429E+00  4.02282550E+00
<   4.25038706E+00  4.46630828E+00  4.67004923E+00  4.86111280E+00  5.03904620E+00
<   5.20344295E+00  5.35394390E+00  5.49023875E+00  5.61206720E+00  5.71921975E+00
<   5.81153855E+00  5.88891785E+00  5.95130470E+00  5.99869835E+00  6.03115145E+00
<   6.04876840E+00  6.05170665E+00  6.04017450E+00  6.01443120E+00  5.97478560E+00
<   5.92159510E+00  5.85526420E+00  5.77624270E+00  5.68502430E+00  5.58214415E+00
<   5.46817695E+00  5.34373435E+00  5.20946265E+00  5.06603960E+00  4.91417225E+00
<   4.75459295E+00  4.58805685E+00  4.41533825E+00  4.23722725E+00  4.05452610E+00
<   3.86804545E+00  3.67860085E+00  3.48700885E+00  3.29408330E+00  3.10063145E+00
<   2.90745025E+00  2.71532275E+00  2.52501425E+00  2.33726905E+00  2.15280685E+00
<   1.97231980E+00  1.79646920E+00  1.62588299E+00  1.46115288E+00  1.30283223E+00
<   1.15143388E+00  1.00742857E+00  8.71243035E-01  7.43259259E-01  6.23813326E-01
<   5.13194794E-01  4.11646560E-01  3.19364600E-01  2.36498460E-01  1.63151775E-01
<   9.93830850E-02  4.52071450E-02  5.96400000E-04 -3.45172425E-02 -6.02400948E-02
<  -7.67142165E-02 -8.41144955E-02 -8.26452010E-02 -7.25364463E-02 -5.40397255E-02
<  -2.74241590E-02  7.02570300E-03  4.90496900E-02  9.84680560E-02  1.53463725E-01
<   2.15069576E-01  2.07959860E-01  1.96056302E-01  1.75566598E-01  1.48874482E-01
<   1.17254329E-01  8.21018015E-02  4.56562399E-02  5.52025751E-03  0.00000000E+00
---
>   0.00000000E+00  0.58298079E+00  0.11639540E+01  0.17409202E+01  0.23118962E+01
>   0.28749236E+01  0.34280758E+01  0.39694671E+01  0.44972596E+01  0.50096711E+01
>   0.55049822E+01  0.59815443E+01  0.64377852E+01  0.68722171E+01  0.72834420E+01
>   0.76701581E+01  0.80311655E+01  0.83653713E+01  0.86717949E+01  0.89495719E+01
>   0.91979591E+01  0.94163370E+01  0.96042138E+01  0.97612278E+01  0.98871494E+01
>   0.99818827E+01  0.10045467E+02  0.10078077E+02  0.10080022E+02  0.10051747E+02
>   0.99938290E+01  0.99069784E+01  0.97920330E+01  0.96499571E+01  0.94818366E+01
>   0.92888750E+01  0.90723881E+01  0.88337979E+01  0.85746267E+01  0.82964889E+01
>   0.80010841E+01  0.76901876E+01  0.73656418E+01  0.70293457E+01  0.66832450E+01
>   0.63293200E+01  0.59695747E+01  0.56060239E+01  0.52406806E+01  0.48755428E+01
>   0.45125797E+01  0.41537179E+01  0.38008276E+01  0.34557082E+01  0.31200742E+01
>   0.27955415E+01  0.24836140E+01  0.21856702E+01  0.19029511E+01  0.16365488E+01
>   0.13873959E+01  0.11562564E+01  0.94371819E+00  0.75018656E+00  0.57588027E+00
>   0.42082917E+00  0.28487414E+00  0.16766927E+00  0.68686418E-01 -0.12777647E-01
>  -0.77591812E-01 -0.12677856E+00 -0.16149943E+00 -0.18303816E+00 -0.19278180E+00
>  -0.19219985E+00 -0.18282127E+00 -0.16621049E+00 -0.14394229E+00 -0.11757550E+00
>  -0.88626851E-01 -0.58544461E-01 -0.28682072E-01 -0.27362265E-03  0.25590099E-01
>   0.47984592E-01  0.66170987E-01  0.79615588E-01  0.88004262E-01  0.91256850E-01
>   0.89536903E-01  0.83258850E-01  0.73094213E-01  0.59971175E-01  0.45075015E-01
>   0.29845708E-01  0.15968743E-01  0.53313908E-02  0.30160203E-03  0.00000000E+00
1005,1024c1005,1024
<   0.00000000E+00  5.41368650E-01  1.07416006E+00  1.58992765E+00  2.08048475E+00
<   2.53802925E+00  2.95526280E+00  3.32550290E+00  3.64278490E+00  3.90195365E+00
<   4.09874320E+00  4.22984195E+00  4.29294415E+00  4.28678540E+00  4.21116200E+00
<   4.06693385E+00  3.85601035E+00  3.58131995E+00  3.24676300E+00  2.85714920E+00
<   2.41812025E+00  1.93605865E+00  1.41798460E+00  8.71441675E-01  3.04374513E-01
<  -2.75001035E-01 -8.58331735E-01 -1.43726358E+00 -2.00357795E+00 -2.54932570E+00
<  -3.06695640E+00 -3.54943985E+00 -3.99037925E+00 -4.38411185E+00 -4.72579730E+00
<  -5.01148990E+00 -5.23819555E+00 -5.40391080E+00 -5.50764355E+00 -5.54941555E+00
<  -5.53024635E+00 -5.45211880E+00 -5.31792725E+00 -5.13140935E+00 -4.89706285E+00
<  -4.62004930E+00 -4.30608620E+00 -3.96133065E+00 -3.59225620E+00 -3.20552570E+00
<  -2.80786280E+00 -2.40592520E+00 -2.00618130E+00 -1.61479353E+00 -1.23751065E+00
<  -8.79570919E-01 -5.45617960E-01 -2.39631095E-01  3.51282900E-02  2.76154570E-01
<   4.81718140E-01  6.50868841E-01  7.83422602E-01  8.79932060E-01  9.41642140E-01
<   9.70431740E-01  9.68744180E-01  9.39506700E-01  8.86042985E-01  8.11979385E-01
<   7.21148290E-01  6.17490495E-01  5.04959085E-01  3.87427070E-01  2.68600820E-01
<   1.51941319E-01  4.05947900E-02 -6.26658850E-02 -1.55487865E-01 -2.35972440E-01
<  -3.02696190E-01 -3.54719039E-01 -3.91579624E-01 -4.13278501E-01 -4.20250159E-01
<  -4.13325025E-01 -3.93682805E-01 -3.62798840E-01 -3.22385140E-01 -2.74327930E-01
<  -2.20623530E-01 -1.63314485E-01 -1.04427505E-01 -4.59150781E-02  1.03979120E-02
<   6.28612535E-02  1.10039043E-01  1.50741155E-01  1.84045945E-01  2.09313940E-01
---
>   0.00000000E+00  0.60996449E+00  0.12095581E+01  0.17885888E+01  0.23372195E+01
>   0.28461368E+01  0.33067097E+01  0.37111365E+01  0.40525748E+01  0.43252542E+01
>   0.45245694E+01  0.46471505E+01  0.46909116E+01  0.46550752E+01  0.45401731E+01
>   0.43480237E+01  0.40816859E+01  0.37453922E+01  0.33444606E+01  0.28851885E+01
>   0.23747310E+01  0.18209650E+01  0.12323431E+01  0.61773935E+00 -0.13709574E-01
>  -0.65276467E+00 -0.12902437E+01 -0.19171759E+01 -0.25249489E+01 -0.31054464E+01
>  -0.36511735E+01 -0.41553668E+01 -0.46120894E+01 -0.50163079E+01 -0.53639510E+01
>  -0.56519485E+01 -0.58782516E+01 -0.60418338E+01 -0.61426731E+01 -0.61817163E+01
>  -0.61608273E+01 -0.60827205E+01 -0.59508806E+01 -0.57694718E+01 -0.55432379E+01
>  -0.52773958E+01 -0.49775244E+01 -0.46494521E+01 -0.42991441E+01 -0.39325920E+01
>  -0.35557088E+01 -0.31742295E+01 -0.27936204E+01 -0.24189974E+01 -0.20550556E+01
>  -0.17060104E+01 -0.13755506E+01 -0.10668042E+01 -0.78231763E+00 -0.52404606E+00
>  -0.29335692E+00 -0.91044118E-01  0.82647205E-01  0.22798662E+00  0.34571628E+00
>   0.43700208E+00  0.50337946E+00  0.54669540E+00  0.56904797E+00  0.57272497E+00
>   0.56014291E+00  0.53378782E+00  0.49615879E+00  0.44971555E+00  0.39683079E+00
>   0.33974806E+00  0.28054580E+00  0.22110774E+00  0.16310013E+00  0.10795565E+00
>   0.56863881E-01  0.10768222E-01 -0.29631307E-01 -0.63869801E-01 -0.91704387E-01
>  -0.11309699E+00 -0.12819368E+00 -0.13730143E+00 -0.14086296E+00 -0.13943050E+00
>  -0.13363924E+00 -0.12418114E+00 -0.11177963E+00 -0.97165989E-01 -0.81057696E-01
>  -0.64139203E-01 -0.47045474E-01 -0.30348440E-01 -0.14546521E-01 -0.57210520E-04
1026,1045c1026,1045
<   0.00000000E+00 -8.19053700E-01 -1.63506345E+00 -2.44499685E+00 -3.24584460E+00
<  -4.03463210E+00 -4.80843060E+00 -5.56436845E+00 -6.29964255E+00 -7.01152850E+00
<  -7.69739135E+00 -8.35469665E+00 -8.98101960E+00 -9.57405445E+00 -1.01316242E+01
<  -1.06516906E+01 -1.11323600E+01 -1.15718932E+01 -1.19687124E+01 -1.23214074E+01
<  -1.26287442E+01 -1.28896669E+01 -1.31033073E+01 -1.32689853E+01 -1.33862166E+01
<  -1.34547128E+01 -1.34743865E+01 -1.34453510E+01 -1.33679228E+01 -1.32426217E+01
<  -1.30701706E+01 -1.28514938E+01 -1.25877150E+01 -1.22801566E+01 -1.19303323E+01
<  -1.15399467E+01 -1.11108882E+01 -1.06452227E+01 -1.01451875E+01 -9.61318285E+00
<  -9.05176440E+00 -8.46363265E+00 -7.85162240E+00 -7.21869335E+00 -6.56791600E+00
<  -5.90245975E+00 -5.22557920E+00 -4.54059935E+00 -3.85090070E+00 -3.15990320E+00
<  -2.47104940E+00 -1.78778753E+00 -1.11355376E+00 -4.51753660E-01  1.94255950E-01
<   8.21186290E-01  1.42583537E+00  2.00510721E+00  2.55603080E+00  3.07577880E+00
<   3.56168630E+00  4.01126810E+00  4.42223660E+00  4.79251765E+00  5.12026610E+00
<   5.40387990E+00  5.64201300E+00  5.83358625E+00  5.97779750E+00  6.07412880E+00
<   6.12235240E+00  6.12253440E+00  6.07503605E+00  5.98051270E+00  5.83991040E+00
<   5.65446040E+00  5.42567030E+00  5.15531280E+00  4.84541340E+00  4.49823285E+00
<   4.11624990E+00  3.70214010E+00  3.25875245E+00  2.78908570E+00  2.29625955E+00
<   1.78349195E+00  1.25408850E+00  7.11176345E-01  1.57328815E-01 -3.93670155E-01
<  -9.47527040E-01 -1.00186289E+00 -1.02143077E+00 -9.75418680E-01 -8.76721787E-01
<  -7.29931574E-01 -5.40153112E-01 -3.18592673E-01 -4.01634525E-02  0.00000000E+00
---
>   0.00000000E+00 -0.12005186E+01 -0.23960843E+01 -0.35817655E+01 -0.47526732E+01
>  -0.59039823E+01 -0.70309521E+01 -0.81289473E+01 -0.91934584E+01 -0.10220121E+02
>  -0.11204735E+02 -0.12143285E+02 -0.13031957E+02 -0.13867155E+02 -0.14645519E+02
>  -0.15363943E+02 -0.16019585E+02 -0.16609885E+02 -0.17132576E+02 -0.17585697E+02
>  -0.17967605E+02 -0.18276980E+02 -0.18512840E+02 -0.18674541E+02 -0.18761790E+02
>  -0.18774643E+02 -0.18713513E+02 -0.18579167E+02 -0.18372729E+02 -0.18095677E+02
>  -0.17749840E+02 -0.17337393E+02 -0.16860848E+02 -0.16323051E+02 -0.15727163E+02
>  -0.15076656E+02 -0.14375295E+02 -0.13627121E+02 -0.12836435E+02 -0.12007776E+02
>  -0.11145902E+02 -0.10255763E+02 -0.93424752E+01 -0.84112965E+01 -0.74675928E+01
>  -0.65168084E+01 -0.55644325E+01 -0.46159641E+01 -0.36768759E+01 -0.27525764E+01
>  -0.18483711E+01 -0.96942295E+00 -0.12071231E+00  0.69300378E+00  0.14672319E+01
>   0.21977821E+01  0.28808069E+01  0.35128388E+01  0.40908258E+01  0.46121646E+01
>   0.50747311E+01  0.54769061E+01  0.58175985E+01  0.60962623E+01  0.63129090E+01
>   0.64681142E+01  0.65630179E+01  0.65993174E+01  0.65792545E+01  0.65055942E+01
>   0.63815971E+01  0.62109843E+01  0.59978945E+01  0.57468349E+01  0.54626259E+01
>   0.51503401E+01  0.48152352E+01  0.44626837E+01  0.40980999E+01  0.37268630E+01
>   0.33542411E+01  0.29853136E+01  0.26248968E+01  0.22774697E+01  0.19471066E+01
>   0.16374097E+01  0.13514537E+01  0.10917291E+01  0.86010138E+00  0.65776919E+00
>   0.48523722E+00  0.34229572E+00  0.22800357E+00  0.14068974E+00  0.77952325E-01
>   0.36670251E-01  0.13025876E-01  0.25231531E-02  0.38335063E-04  0.00000000E+00
1051,1070c1051,1070
<   0.00000000E+00  1.68392540E-01  6.71581125E-01  1.50355295E+00  2.65413840E+00
<   4.10880205E+00  5.84837710E+00  7.84876750E+00  1.00806490E+01  1.25092020E+01
<   1.50939140E+01  1.77884845E+01  2.05408715E+01  2.32935085E+01  2.59837165E+01
<   2.85443360E+01  3.09045870E+01  3.29911560E+01  3.47295180E+01  3.60454490E+01
<   3.68667360E+01  3.71250175E+01  3.67577240E+01  3.57100660E+01  3.39370000E+01
<   3.14051180E+01  2.80943914E+01  2.39997023E+01  1.91321010E+01  1.35197321E+01
<   7.20837215E+00  2.61547000E-01 -7.23981345E+00 -1.51981944E+01 -2.35007930E+01
<  -3.20212895E+01 -4.06220620E+01 -4.91568040E+01 -5.74735000E+01 -6.54176800E+01
<  -7.28358875E+01 -7.95792695E+01 -8.55071785E+01 -9.04907350E+01 -9.44161820E+01
<  -9.71880110E+01 -9.87316895E+01 -9.89959910E+01 -9.79547460E+01 -9.56080660E+01
<  -9.19829215E+01 -8.71330325E+01 -8.11381535E+01 -7.41026155E+01 -6.61532955E+01
<  -5.74369570E+01 -4.81170665E+01 -3.83701560E+01 -2.83818140E+01 -1.83424161E+01
<  -8.44270620E+00  1.13066635E+00  1.01995196E+01  1.85983184E+01  2.61780417E+01
<   3.28096341E+01  3.83869485E+01  4.28291056E+01  4.60821968E+01  4.81202960E+01
<   4.89457499E+01  4.85887385E+01  4.71061264E+01  4.45796373E+01  4.11133996E+01
<   3.68309457E+01  3.18717392E+01  2.63873347E+01  2.05372765E+01  1.44848538E+01
<   8.39282715E+00  2.41924234E+00 -3.28654905E+00 -8.58755804E+00 -1.33624214E+01
<  -1.75081701E+01 -2.09424400E+01 -2.36050691E+01 -2.54590439E+01 -2.64907939E+01
<  -2.67098213E+01 -2.61477008E+01 -2.48564916E+01 -2.29066113E+01 -2.03842495E+01
<  -1.73884113E+01 -1.40276678E+01 -1.04167356E+01 -6.67297117E+00 -2.91289380E+00
---
>   0.00000000E+00  0.19015300E+00  0.75529808E+00  0.16796222E+01  0.29371966E+01
>   0.44926045E+01  0.63018000E+01  0.83131738E+01  0.10468804E+02  0.12705858E+02
>   0.14958112E+02  0.17157557E+02  0.19236041E+02  0.21126920E+02  0.22766670E+02
>   0.24096425E+02  0.25063409E+02  0.25622211E+02  0.25735903E+02  0.25376938E+02
>   0.24527845E+02  0.23181679E+02  0.21342224E+02  0.19023957E+02  0.16251758E+02
>   0.13060385E+02  0.94937289E+01  0.56038607E+01  0.14499041E+01 -0.29032469E+01
>  -0.73863287E+01 -0.11927195E+02 -0.16452355E+02 -0.20888524E+02 -0.25164152E+02
>  -0.29210901E+02 -0.32965023E+02 -0.36368626E+02 -0.39370789E+02 -0.41928504E+02
>  -0.44007435E+02 -0.45582469E+02 -0.46638057E+02 -0.47168340E+02 -0.47177064E+02
>  -0.46677282E+02 -0.45690869E+02 -0.44247852E+02 -0.42385582E+02 -0.40147772E+02
>  -0.37583423E+02 -0.34745665E+02 -0.31690547E+02 -0.28475801E+02 -0.25159611E+02
>  -0.21799415E+02 -0.18450768E+02 -0.15166282E+02 -0.11994681E+02 -0.89799681E+01
>  -0.61607444E+01 -0.35696622E+01 -0.12330439E+01  0.82934482E+00  0.26043633E+01
>   0.40854122E+01  0.52722061E+01  0.61704132E+01  0.67911786E+01  0.71505450E+01
>   0.72687929E+01  0.71697170E+01  0.68798609E+01  0.64277316E+01  0.58430113E+01
>   0.51557894E+01  0.43958295E+01  0.35918904E+01  0.27711130E+01  0.19584856E+01
>   0.11763983E+01  0.44428939E+00 -0.22160891E+00 -0.80842707E+00 -0.13067178E+01
>  -0.17104231E+01 -0.20167551E+01 -0.22259992E+01 -0.23412497E+01 -0.23680888E+01
>  -0.23142215E+01 -0.21890786E+01 -0.20034022E+01 -0.17688237E+01 -0.14974490E+01
>  -0.12014605E+01 -0.89274658E+00 -0.58256716E+00 -0.28126234E+00  0.19900971E-02
1072,1091c1072,1091
<   0.00000000E+00 -1.21682877E-01 -4.87027570E-01 -1.09691129E+00 -1.95275965E+00
<  -3.05649250E+00 -4.41044855E+00 -6.01729040E+00 -7.87988930E+00 -1.00011925E+01
<  -1.23840739E+01 -1.50311685E+01 -1.79446935E+01 -2.11262590E+01 -2.45766670E+01
<  -2.82957020E+01 -3.22819205E+01 -3.65324325E+01 -4.10426865E+01 -4.58062525E+01
<  -5.08146160E+01 -5.60569735E+01 -6.15200410E+01 -6.71878795E+01 -7.30417300E+01
<  -7.90598725E+01 -8.52175060E+01 -9.14866555E+01 -9.78361035E+01 -1.04231348E+02
<  -1.10634617E+02 -1.17004891E+02 -1.23297975E+02 -1.29466605E+02 -1.35460640E+02
<  -1.41227220E+02 -1.46711055E+02 -1.51854710E+02 -1.56598955E+02 -1.60883170E+02
<  -1.64645815E+02 -1.67824930E+02 -1.70358685E+02 -1.72186035E+02 -1.73247333E+02
<  -1.73485105E+02 -1.72844766E+02 -1.71275460E+02 -1.68730901E+02 -1.65170253E+02
<  -1.60559039E+02 -1.54870095E+02 -1.48084505E+02 -1.40192543E+02 -1.31194648E+02
<  -1.21102326E+02 -1.09939055E+02 -9.77411275E+01 -8.45584370E+01 -7.04551775E+01
<  -5.55104530E+01 -3.98187454E+01 -2.34902758E+01 -6.65118590E+00  1.05564501E+01
<   2.79748090E+01  4.54307160E+01  6.27362655E+01  7.96896975E+01  9.60764990E+01
<   1.11670765E+02  1.26236827E+02  1.39531125E+02  1.51304297E+02  1.61303524E+02
<   1.69274998E+02  1.74966666E+02  1.78130994E+02  1.78527880E+02  1.75927579E+02
<   1.70113657E+02  1.60885829E+02  1.48062712E+02  1.31484458E+02  1.11014980E+02
<   8.65445545E+01  5.79932765E+01  2.52915655E+01 -1.16496265E+01 -5.18841980E+01
<  -9.61836245E+01 -9.89913225E+01 -9.97594200E+01 -9.53837524E+01 -8.65499809E+01
<  -7.31980571E+01 -5.52984603E+01 -3.34669070E+01 -4.29999374E+00  0.00000000E+00
---
>   0.00000000E+00 -0.17427128E+00 -0.69604227E+00 -0.15621892E+01 -0.27675218E+01
>  -0.43048075E+01 -0.61648044E+01 -0.83363051E+01 -0.10806188E+02 -0.13559479E+02
>  -0.16579422E+02 -0.19847558E+02 -0.23343811E+02 -0.27046588E+02 -0.30932877E+02
>  -0.34978364E+02 -0.39157548E+02 -0.43443868E+02 -0.47809839E+02 -0.52227183E+02
>  -0.56666982E+02 -0.61099823E+02 -0.65495954E+02 -0.69825445E+02 -0.74058350E+02
>  -0.78164875E+02 -0.82115544E+02 -0.85881380E+02 -0.89434067E+02 -0.92746137E+02
>  -0.95791135E+02 -0.98543803E+02 -0.10098025E+03 -0.10307811E+03 -0.10481675E+03
>  -0.10617739E+03 -0.10714330E+03 -0.10769994E+03 -0.10783510E+03 -0.10753906E+03
>  -0.10680471E+03 -0.10562769E+03 -0.10400646E+03 -0.10194246E+03 -0.99440117E+02
>  -0.96506970E+02 -0.93153692E+02 -0.89394119E+02 -0.85245262E+02 -0.80727286E+02
>  -0.75863468E+02 -0.70680130E+02 -0.65206539E+02 -0.59474785E+02 -0.53519615E+02
>  -0.47378251E+02 -0.41090161E+02 -0.34696805E+02 -0.28241344E+02 -0.21768315E+02
>  -0.15323279E+02 -0.89524309E+01 -0.27021887E+01  0.33812502E+01  0.92523693E+01
>   0.14866814E+02  0.20181886E+02  0.25157041E+02  0.29754395E+02  0.33939218E+02
>   0.37680420E+02  0.40951013E+02  0.43728550E+02  0.45995525E+02  0.47739728E+02
>   0.48954566E+02  0.49639302E+02  0.49799249E+02  0.49445910E+02  0.48597007E+02
>   0.47276484E+02  0.45514409E+02  0.43346793E+02  0.40815386E+02  0.37967320E+02
>   0.34854789E+02  0.31534561E+02  0.28067540E+02  0.24518184E+02  0.20953964E+02
>   0.17444741E+02  0.14062125E+02  0.10878860E+02  0.79681352E+01  0.54029382E+01
>   0.32555258E+01  0.15966694E+01  0.49191599E+00  0.25952922E-01  0.00000000E+00
1093,1112c1093,1112
<   0.00000000E+00 -1.31950200E-01 -5.26199940E-01 -1.17790978E+00 -2.07889420E+00
<  -3.21745310E+00 -4.57815720E+00 -6.14160835E+00 -7.88419885E+00 -9.77789750E+00
<  -1.17900910E+01 -1.38835115E+01 -1.60162770E+01 -1.81420710E+01 -2.02104825E+01
<  -2.21675210E+01 -2.39563195E+01 -2.55180220E+01 -2.67928535E+01 -2.77213605E+01
<  -2.82457910E+01 -2.83115945E+01 -2.78689965E+01 -2.68746060E+01 -2.52930105E+01
<  -2.30983057E+01 -2.02754973E+01 -1.68217404E+01 -1.27473454E+01 -8.07651360E+00
<  -2.84776265E+00  2.88600325E+00  9.05778631E+00  1.55871860E+01  2.23814720E+01
<   2.93370450E+01  3.63412550E+01  4.32745520E+01  5.00129205E+01  5.64305410E+01
<   6.24026245E+01  6.78083355E+01  7.25337360E+01  7.64746820E+01  7.95395505E+01
<   8.16517610E+01  8.27520235E+01  8.28001660E+01  8.17765965E+01  7.96832330E+01
<   7.65439645E+01  7.24045430E+01  6.73319435E+01  6.14131885E+01  5.47536145E+01
<   4.74747040E+01  3.97114515E+01  3.16093675E+01  2.33211880E+01  1.50033726E+01
<   6.81247545E+00 -1.09850040E+00 -8.58368661E+00 -1.55077606E+01 -2.17491040E+01
<  -2.72026119E+01 -3.17820900E+01 -3.54221619E+01 -3.80796478E+01 -3.97343686E+01
<  -4.03893583E+01 -4.00704836E+01 -3.88254779E+01 -3.67224220E+01 -3.38477159E+01
<  -3.03035971E+01 -2.62052811E+01 -2.16777998E+01 -1.68526287E+01 -1.18642015E+01
<  -6.84639904E+00 -1.92912040E+00  2.76498063E+00  7.12349808E+00  1.10469421E+01
<   1.44510012E+01  1.72683439E+01  1.94499147E+01  2.09657000E+01  2.18049542E+01
<   2.19758816E+01  2.15048053E+01  2.04348493E+01  1.88241840E+01  1.67438942E+01
<   1.42755437E+01  1.15085046E+01  8.53714271E+00  5.45794023E+00  2.36663853E+00
---
>   0.00000000E+00 -0.15367145E+00 -0.61023380E+00 -0.13564404E+01 -0.23705751E+01
>  -0.36229856E+01 -0.50768112E+01 -0.66888879E+01 -0.84108084E+01 -0.10190111E+02
>  -0.11971567E+02 -0.13698540E+02 -0.15314376E+02 -0.16763799E+02 -0.17994273E+02
>  -0.18957298E+02 -0.19609615E+02 -0.19914279E+02 -0.19841588E+02 -0.19369839E+02
>  -0.18485895E+02 -0.17185549E+02 -0.15473684E+02 -0.13364213E+02 -0.10879818E+02
>  -0.80514855E+01 -0.49178466E+01 -0.15243558E+01  0.20776902E+01  0.58322568E+01
>   0.96797767E+01  0.13558426E+02  0.17405439E+02  0.21158438E+02  0.24756732E+02
>   0.28142573E+02  0.31262327E+02  0.34067541E+02  0.36515883E+02  0.38571931E+02
>   0.40207801E+02  0.41403595E+02  0.42147672E+02  0.42436734E+02  0.42275721E+02
>   0.41677542E+02  0.40662627E+02  0.39258332E+02  0.37498213E+02  0.35421176E+02
>   0.33070539E+02  0.30493026E+02  0.27737717E+02  0.24854977E+02  0.21895392E+02
>   0.18908742E+02  0.15943020E+02  0.13043528E+02  0.10252070E+02  0.76062481E+01
>   0.51388806E+01  0.28775521E+01  0.84429677E+00 -0.94458026E+00 -0.24785450E+01
>  -0.37527458E+01 -0.47678000E+01 -0.55294678E+01 -0.60482246E+01 -0.63387482E+01
>  -0.64193355E+01 -0.63112672E+01 -0.60381378E+01 -0.56251691E+01 -0.50985248E+01
>  -0.44846422E+01 -0.38095982E+01 -0.30985216E+01 -0.23750654E+01 -0.16609481E+01
>  -0.97557208E+00 -0.33572440E+00  0.24463676E+00  0.75451017E+00  0.11858952E+01
>   0.15337554E+01  0.17959068E+01  0.19728404E+01  0.20674850E+01  0.20849224E+01
>   0.20320652E+01  0.19173076E+01  0.17501606E+01  0.15408841E+01  0.13001234E+01
>   0.10385635E+01  0.76660620E+00  0.49408042E+00  0.22999045E+00 -0.17693046E-01
1114,1133c1114,1133
<   0.00000000E+00  1.07006630E-01  4.28236765E-01  9.64312295E-01  1.71624018E+00
<   2.68536875E+00  3.87332660E+00  5.28194550E+00  6.91316755E+00  8.76893800E+00
<   1.08510835E+01  1.31611791E+01  1.57004040E+01  1.84693870E+01  2.14680460E+01
<   2.46954185E+01  2.81494900E+01  3.18270205E+01  3.57233690E+01  3.98323225E+01
<   4.41459260E+01  4.86543215E+01  5.33455945E+01  5.82056330E+01  6.32179980E+01
<   6.83638115E+01  7.36216630E+01  7.89675370E+01  8.43747605E+01  8.98139790E+01
<   9.52531605E+01  1.00657628E+02  1.05990124E+02  1.11210905E+02  1.16277892E+02
<   1.21146819E+02  1.25771464E+02  1.30103892E+02  1.34094747E+02  1.37693602E+02
<   1.40849325E+02  1.43510504E+02  1.45625926E+02  1.47145075E+02  1.48018674E+02
<   1.48199319E+02  1.47642066E+02  1.46305122E+02  1.44150535E+02  1.41144942E+02
<   1.37260292E+02  1.32474633E+02  1.26772912E+02  1.20147703E+02  1.12600052E+02
<   1.04140175E+02  9.47882395E+01  8.45750230E+01  7.35425785E+01  6.17447780E+01
<   4.92478335E+01  3.61306620E+01  2.24851722E+01  8.41640994E+00 -5.95744700E+00
<  -2.05052483E+01 -3.50832130E+01 -4.95354555E+01 -6.36947115E+01 -7.73832695E+01
<  -9.04141055E+01 -1.02592229E+02 -1.13716249E+02 -1.23580097E+02 -1.31974993E+02
<  -1.38691462E+02 -1.43521627E+02 -1.46261498E+02 -1.46713358E+02 -1.44688213E+02
<  -1.40008187E+02 -1.32508921E+02 -1.22041785E+02 -1.08476078E+02 -9.17008640E+01
<  -7.16270990E+01 -4.81904495E+01 -2.13353280E+01  9.00956850E+00  4.20662620E+01
<   7.84652860E+01  8.08368500E+01  8.15342086E+01  7.80099203E+01  7.08246196E+01
<   5.99273131E+01  4.52919931E+01  2.74216065E+01  3.52410145E+00  0.00000000E+00
---
>   0.00000000E+00  0.15585034E+00  0.62248121E+00  0.13971364E+01  0.24752361E+01
>   0.38503982E+01  0.55144670E+01  0.74575511E+01  0.96680685E+01  0.12132801E+02
>   0.14836954E+02  0.17764227E+02  0.20896889E+02  0.24215863E+02  0.27700817E+02
>   0.31330258E+02  0.35081641E+02  0.38931475E+02  0.42855439E+02  0.46828508E+02
>   0.50825073E+02  0.54819076E+02  0.58784144E+02  0.62693731E+02  0.66521259E+02
>   0.70240263E+02  0.73824544E+02  0.77248317E+02  0.80486365E+02  0.83514190E+02
>   0.86308171E+02  0.88845717E+02  0.91105418E+02  0.93067201E+02  0.94712473E+02
>   0.96024278E+02  0.96987428E+02  0.97588653E+02  0.97816724E+02  0.97662585E+02
>   0.97119470E+02  0.96183009E+02  0.94851333E+02  0.93125160E+02  0.91007868E+02
>   0.88505558E+02  0.85627101E+02  0.82384164E+02  0.78791221E+02  0.74865543E+02
>   0.70627164E+02  0.66098827E+02  0.61305904E+02  0.56276286E+02  0.51040253E+02
>   0.45630311E+02  0.40080999E+02  0.34428666E+02  0.28711227E+02  0.22967876E+02
>   0.17238779E+02  0.11564739E+02  0.59868295E+01  0.54601388E+00 -0.47172645E+01
>  -0.97635036E+01 -0.14554579E+02 -0.19054185E+02 -0.23228283E+02 -0.27045539E+02
>  -0.30477761E+02 -0.33500308E+02 -0.36092487E+02 -0.38237914E+02 -0.39924836E+02
>  -0.41146423E+02 -0.41900994E+02 -0.42192195E+02 -0.42029137E+02 -0.41426436E+02
>  -0.40404224E+02 -0.38988081E+02 -0.37208880E+02 -0.35102627E+02 -0.32710148E+02
>  -0.30076828E+02 -0.27252177E+02 -0.24289461E+02 -0.21245189E+02 -0.18178646E+02
>  -0.15151338E+02 -0.12226440E+02 -0.94682428E+01 -0.69415494E+01 -0.47111009E+01
>  -0.28411038E+01 -0.13945597E+01 -0.42998099E+00 -0.22714698E-01  0.00000000E+00
