2.105481914986739866e-01
1.276913691799563821e+00
1.327554434701596620e+00
1.429027358499297407e+00
1.555178962098580087e+00
1.671802147600828903e+00
1.732439021201571450e+00
1.716783850199135486e+00
1.635282318999088602e+00
1.521971870501147350e+00
1.416351866701006657e+00
1.339539097498345654e+00
1.304922782001085579e+00
1.307840597499307478e+00
1.332246942100027809e+00
1.359483697600808227e+00
1.357876197198493173e+00
1.312816382498567691e+00
1.392456098499678774e+00
1.189614719198289094e+00
1.073167772901797434e+00
1.043865487499715528e+00
9.547457693988690153e-01
9.001862326986156404e-01
7.867844149004667997e-01
8.674136043009639252e-01
1.155539016999682644e+00
1.100368638999498216e+00
9.888797159983369056e-01
8.343749365994881373e-01
7.054748666996601969e-01
6.070880473998840898e-01
6.396315353995305486e-01
8.206958767004834954e-01
5.460612095012038480e-01
5.424748867008020170e-01
6.636545252986252308e-01
6.206429880985524505e-01
6.603347390991984867e-01
5.962558268984139431e-01
5.163553870988835115e-01
6.232665474017267115e-01
7.665177228991524316e-01
6.149197224985982757e-01
5.525414666990400292e-01
5.029395564015430864e-01
4.318149495011311956e-01
4.305743961012922227e-01
5.001546013991173822e-01
3.967572528999880888e-01
2.353673085999616887e-01
2.593842009009676985e-01
3.684467942985065747e-01
4.914869888016255572e-01
4.406651663994125556e-01
4.135139817990420852e-01
4.307410619985603262e-01
3.960736699009430595e-01
4.337626058986643329e-01
3.794877047985210083e-01
4.173212934001639951e-01
4.258421433987678029e-01
3.585664712991274428e-01
2.426169309983379208e-01
2.685661561008600984e-01
3.320379430006141774e-01
2.277646619986626320e-01
2.287950723984977230e-01
3.543841069003974553e-01
2.999311093008145690e-01
2.486625142009870615e-01
2.375595301018620376e-01
2.819896643995889463e-01
1.601665410016721580e-01
1.770438526000361890e-01
3.189224740017380100e-01
3.055361580009048339e-01
2.537548963009612635e-01
2.727883986990491394e-01
1.050550940017274115e-01
4.907719370021368377e-02
1.094937597008538432e-01
3.006027970986906439e-01
3.164820035017328337e-01
1.641386037008487619e-01
9.943203069997252896e-02
1.108709487016312778e-01
2.748130908985331189e-01
2.760406209999928251e-01
1.882929597995826043e-01
2.156524987985903863e-01
2.809339835985156242e-01
2.419522696000058204e-01
2.103461000988318119e-01
1.587718310984200798e-01
3.294903260029968806e-02
1.129484806988330092e-01
8.514460560036241077e-02
1.669045209018804599e-01
2.001677016014582478e-01
2.701447383988124784e-01
3.179479960999742616e-01
3.274441856010525953e-01
2.602084514001035132e-01
1.893476481018296909e-01
2.892049570000381209e-01
1.789024419995257631e-01
2.389436742996622343e-01
3.466558846994303167e-01
4.297175487990898546e-01
4.579053605993976817e-01
4.357014253000670578e-01
3.603351663005014416e-01
2.438794648005568888e-01
2.497559639996325132e-01
2.612396477015863638e-01
2.614758681011153385e-01
1.941212612000526860e-01
2.430538845001137815e-01
3.360552012018160895e-01
3.846622470009606332e-01
3.169848522011307068e-01
2.845228658989071846e-01
3.561730674991849810e-01
3.875773619001847692e-01
1.799884501997439656e-01
1.846650777988543268e-01
2.235886509988631587e-01
2.368565758006297983e-01
2.416616332011471968e-01
1.809382682986324653e-01
2.239086310000857338e-01
2.399774391997198109e-01
1.435451590004959144e-01
2.068548302013368811e-01
3.149186396985896863e-01
1.938448323016928043e-01
1.969677943998249248e-01
2.483282274988596328e-01
3.067399108986137435e-01
3.524757617997238412e-01
2.961926351999863982e-01
3.436045989983540494e-01
3.700546742984442972e-01
3.688526887999614701e-01
5.115477200015448034e-01
2.860252952013979666e-01
2.619260481005767360e-01
3.457249323982978240e-01
3.418475619982928038e-01
3.275212063017534092e-01
3.507401930983178318e-01
3.519019449995539617e-01
3.614218332004384138e-01
3.016311741012032144e-01
2.987121504011156503e-01
4.334404592009377666e-01
2.478727507004805375e-01
2.932543776987586170e-01
2.963388118987495545e-01
3.154113212985976133e-01
3.551136409005266614e-01
3.530232209013774991e-01
3.150950089002435561e-01
3.420311736008443404e-01
2.830005448995507322e-01
3.499111126002389938e-01
4.305940275007742457e-01
3.924024004991224501e-01
3.339544845985074062e-01
1.982527247018879279e-01
1.212512933998368680e-01
2.544892379009979777e-01
2.110652041992580052e-01
1.345223694006563164e-01
2.837808246986242011e-01
3.978741747996537015e-01
4.268950131008750759e-01
3.980667910000192933e-01
3.444787555999937467e-01
3.389714703007484786e-01
3.606607174006057903e-01
3.022812376984802540e-01
3.083656572016479913e-01
3.578523651995055843e-01
3.913471230007417034e-01
3.714602764994197059e-01
2.769988194995676167e-01
3.260802645017975010e-01
2.499565787984465715e-01
2.732372936989122536e-01
2.623396273011167068e-01
3.231183866009814665e-01
3.741899576998548582e-01
4.163522214985277969e-01
4.101713044983625878e-01
3.783844665013020858e-01
4.201028358984331135e-01
4.322024225984932855e-01
2.900766655984625686e-01
2.321531486013554968e-01
3.357734300006995909e-01
3.279984114997205324e-01
3.124791299014759716e-01
2.898211214996990748e-01
3.224829692990169860e-01
3.858060275015304796e-01
3.357865346988546662e-01
4.173539436997089069e-01
4.587601831990468781e-01
4.402030142991861794e-01
4.021514601990929805e-01
3.432757342015975155e-01
3.279815476016665343e-01
3.139258802002586890e-01
2.522651163999398705e-01
3.554161233987542801e-01
3.251183095999294892e-01
3.217931598010181915e-01
3.441577273988514207e-01
3.992815653982688673e-01
4.624899957016168628e-01
5.539765376997820567e-01
4.099104777997126803e-01
4.375756945009925403e-01
4.669938861006812658e-01
4.350459728011628613e-01
4.339237722997495439e-01
4.034291202988242730e-01
3.780233170000428800e-01
4.472883648995775729e-01
3.453781634998449590e-01
4.128205285014701076e-01
4.349443930004781578e-01
3.855354398001509253e-01
4.039950561018486042e-01
3.988879399985307828e-01
3.952298814983805642e-01
4.585829384996031877e-01
3.882422114984365180e-01
3.302179193015035708e-01
3.885228163999272510e-01
3.704168073018081486e-01
3.059365262997744139e-01
2.640862072003073990e-01
3.103176071999769192e-01
4.346663133983383887e-01
4.487833081002463587e-01
3.477780762004840653e-01
3.903396991991030518e-01
4.235899691011582036e-01
4.113198466002359055e-01
4.014548123013810255e-01
3.725851002018316649e-01
3.800967191018571611e-01
4.775736160991073120e-01
3.905818394996458665e-01
3.621111202010069974e-01
3.955892402991594281e-01
3.869681040996511001e-01
3.762157499004388228e-01
3.807361737017345149e-01
3.502137467003194615e-01
4.506218770984560251e-01
3.013639892997161951e-01
2.348595945004490204e-01
2.364588939017266966e-01
3.028671348001807928e-01
3.270012475986732170e-01
2.527225515004829504e-01
2.522441000983235426e-01
3.271758490009233356e-01
2.924798870990343858e-01
2.969966160017065704e-01
3.090360809001140296e-01
3.373128712009929586e-01
3.159736609013634734e-01
2.339481417002389207e-01
1.989288889999443199e-01
2.771422812002128921e-01
2.326014985992514994e-01
1.766251137014478445e-01
1.654162705999624450e-01
1.543831851013237610e-01
1.652416764991357923e-01
1.529018202018050943e-01
1.421871419006492943e-01
1.211693529985495843e-01
2.019419932985329069e-01
1.350716427004954312e-01
1.782188789002248086e-01
2.339676732990483288e-01
2.577726494018861558e-01
2.003510791000735480e-01
1.301922062993980944e-01
7.519695090013556182e-02
2.072646490014449228e-01
2.093677027005469427e-01
9.528323309859842993e-02
1.466103876009583473e-01
2.233488868987478781e-01
2.115616904011403676e-01
1.646336408011848107e-01
6.963348029967164621e-02
6.835018259880598634e-02
1.459020037000300363e-01
1.067833535998943262e-01
9.255048200066084974e-02
2.119796340011816937e-01
2.512065980008628685e-01
2.433293067988415714e-01
2.620033103994501289e-01
2.730469771995558403e-01
2.904589434983790852e-01
2.745039352994353976e-01
2.272220402992388699e-01
2.939007603017671499e-01
2.151291390000551473e-01
1.487445249986194540e-01
1.814378896997368429e-01
1.406266783014871180e-01
2.155098932998953387e-01
2.920000603007792961e-01
1.863689788006013259e-01
1.287233852999634109e-01
1.674889448004250880e-01
1.351275704000727274e-01
1.372269729836261831e-02
0.000000000000000000e+00
8.519179650102159940e-02
2.208775471990520600e-01
2.315973449003649876e-01
1.296309374993143138e-01
1.377865305003069807e-01
1.932222344003093895e-01
2.681181035986810457e-01
2.125236436004342977e-01
2.418025217011745553e-01
2.789628101018024608e-01
3.053211965016089380e-01
2.336136869016627315e-01
1.557753675006097183e-01
2.015158059984969441e-01
1.390612112008966506e-01
2.283365945004334208e-01
1.950263498983986210e-01
2.422290624999732245e-01
2.808737740997457877e-01
2.787071019010909367e-01
2.496201052999822423e-01
3.226085938003961928e-01
2.751116170002205763e-01
2.366290144018421415e-01
2.732154941986664198e-01
2.139117072001681663e-01
2.461071580000862014e-01
2.989329896008712240e-01
3.106041856990486849e-01
2.870280548995651770e-01
2.562519710008928087e-01
1.733386111991421785e-01
1.807081959013885353e-01
1.907339198005502112e-01
8.006908429888426326e-02
1.240161382011137903e-01
1.985201099996629637e-01
2.232973798018065281e-01
1.997396674996707588e-01
1.801041994986007921e-01
1.557293026999104768e-01
1.714004073000978678e-01
2.125798349989054259e-01
5.681124610055121593e-02
5.398887280171038583e-02
9.408680839987937361e-02
1.661804046998440754e-01
1.942378138992353342e-01
1.895543198988889344e-01
1.426030440998147242e-01
1.128583499012165703e-01
2.760098498984007165e-01
2.024386718985624611e-01
1.754920419989502989e-01
1.792422908984008245e-01
2.428610038987244479e-01
2.373206308002409060e-01
1.433393004008394200e-01
1.331349454012524802e-01
1.809486413003469352e-01
2.677944302013202105e-01
1.525070231982681435e-01
1.888472253012878355e-01
2.397503022002638318e-01
3.500826164017780684e-01
2.810112888000730891e-01
2.812496730002749246e-01
3.009566537002683617e-01
2.476363351997861173e-01
3.173204011000052560e-01
1.767568362993188202e-01
1.542982081009540707e-01
2.150581384994438849e-01
2.458219329018902499e-01
3.310817671990662348e-01
3.438143505991320126e-01
3.253168841001752298e-01
3.280379296993487515e-01
4.217258421995211393e-01
3.121704160002991557e-01
3.106209073994250502e-01
3.425949158008734230e-01
2.893991821983945556e-01
2.904713442985666916e-01
2.540631330994074233e-01
2.738723604998085648e-01
2.735701273995800875e-01
3.246067692016367801e-01
2.326882958986971062e-01
2.986266199004603550e-01
2.715982068002631422e-01
2.658741125997039489e-01
3.090578738010663074e-01
2.845282412017695606e-01
2.239535434018762317e-01
2.074194195993186440e-01
2.808989369987102691e-01
2.182596532984462101e-01
1.998372115012898576e-01
2.149361955998756457e-01
2.739765356018324383e-01
2.852589901012834162e-01
1.851636592000431847e-01
1.146941933984635398e-01
1.284777768014464527e-01
2.959694950004632119e-01
1.650774841000384185e-01
1.376665653988311533e-01
1.646950419999484438e-01
1.743192762005492114e-01
2.357071914993866812e-01
2.409588578011607751e-01
2.340626387995143887e-01
2.438339750005980022e-01
1.776036232986371033e-01
2.118006987002445385e-01
2.389267641010519583e-01
8.743158349898294546e-02
1.388577036013884936e-01
2.105657171996426769e-01
1.681761619001918007e-01
1.732674076010880526e-01
1.705604515009326860e-01
1.803442027994606178e-01
1.542874588012637105e-01
2.735471954983950127e-01
3.278182434005429968e-01
2.435359121991496067e-01
2.529618927983392496e-01
2.849466771003790200e-01
3.312573381008405704e-01
3.569995953002944589e-01
3.075090306992933620e-01
2.839976151990413200e-01
2.545531337018474005e-01
3.088530206005088985e-01
2.928038177997223102e-01
2.382373014006589074e-01
3.807470698011456989e-01
4.490408509009284899e-01
3.959131330993841402e-01
4.119883072999073192e-01
3.940483238984597847e-01
3.485541033005574718e-01
2.582244728982914239e-01
3.245352716003253590e-01
3.295340689983277116e-01
2.746486415016988758e-01
3.339829215983627364e-01
4.092715580991352908e-01
4.253987631018389948e-01
4.104912527000124101e-01
3.988812995012267493e-01
3.615177961983135901e-01
2.644104540013358928e-01
3.375555269994947594e-01
1.922440898997592740e-01
1.573206407010729890e-01
2.106951294990722090e-01
2.405816389000392519e-01
2.101087586015637498e-01
2.080584737013850827e-01
1.981274024001322687e-01
1.993075751015567221e-01
2.806684716015297454e-01
1.745679847008432262e-01
2.091882179993262980e-01
2.104309370988630690e-01
2.374730966002971400e-01
1.866271124999911990e-01
1.783017628004017752e-01
1.970986775013443548e-01
1.907286128989653662e-01
3.322986556013347581e-01
2.161499503999948502e-01
2.811981888007721864e-01
3.768449359013175126e-01
3.511696544992446434e-01
3.517039571997884195e-01
3.679083579008874949e-01
3.173551141007919796e-01
2.516973513011180330e-01
1.823226568012614734e-01
2.668505477013241034e-01
3.142978799987758975e-01
1.736377197994443122e-01
2.689389490005851258e-01
3.281797970012121368e-01
3.325425916009407956e-01
3.194888575017102994e-01
3.410132204990077298e-01
3.820889533999434207e-01
3.132336363996728323e-01
2.335210505007125903e-01
1.845212014995922800e-01
1.164623959011805709e-01
3.473477740044472739e-02
3.215859088995784987e-01
4.452553630108013749e-02
1.733283387984556612e-01
2.327846400985436048e-01
2.634351421002065763e-01
2.606717718008439988e-01
2.648830393009120598e-01
2.527012567989004310e-01
2.399222384992754087e-01
3.033839890995295718e-01
3.194274332017812412e-01
3.452890350017696619e-01
3.637359665008261800e-01
3.072276441998837981e-01
2.735121094992791768e-01
2.929577130998950452e-01
2.940457182994578034e-01
2.647760377985832747e-01
2.575353864995122422e-01
3.591931088994897436e-01
3.837404158002755139e-01
3.411004547015181743e-01
3.021649028996762354e-01
3.164509320995421149e-01
3.562796518999675754e-01
3.466763828000694048e-01
3.490743225011101458e-01
3.487477900998783298e-01
3.530064106016652659e-01
3.572034757999063004e-01
2.983680016004655045e-01
2.587372851994587108e-01
2.821542035017046146e-01
2.869561330007854849e-01
3.191490848003013525e-01
3.511436754015448969e-01
3.327805299013562035e-01
2.897163900015584659e-01
2.139348730997880921e-01
2.582122378989879508e-01
3.539789392998500261e-01
3.043563901010202244e-01
2.472047045012004673e-01
2.240955390989256557e-01
2.195431744003144559e-01
2.005917815004067961e-01
2.134867960012343246e-01
2.742435051986831240e-01
2.681183497006713878e-01
2.512815568006772082e-01
2.317146474015316926e-01
2.581050389017036650e-01
2.655037639015063178e-01
2.387032596016069874e-01
2.807719882002857048e-01
2.797662828997999895e-01
2.764647670010162983e-01
2.829389957987586968e-01
3.069518312986474484e-01
2.775682292012788821e-01
2.280501827008265536e-01
1.942638986984093208e-01
2.078277010987221729e-01
2.396516092012461741e-01
2.498492437989625614e-01
2.272671915015962441e-01
2.563399493010365404e-01
2.750600211002165452e-01
2.338608841018867679e-01
2.441769967990694568e-01
2.935376704008376691e-01
3.465264748992922250e-01
3.894586991009418853e-01
4.211360904992034193e-01
4.616101507999701425e-01
4.765919923011097126e-01
4.541013419984665234e-01
4.404073276018607430e-01
3.850092038010188844e-01
3.798230544998659752e-01
3.621595178010466043e-01
3.052599774018744938e-01
3.159901932995126117e-01
3.262214819988003001e-01
3.709526464008376934e-01
4.185901767014001962e-01
4.442495149014575873e-01
4.154777822986943647e-01
3.395889878993330058e-01
3.515083302008861210e-01
3.162168080998526420e-01
3.363720894012658391e-01
4.141707175986084621e-01
4.779783094018057454e-01
5.192649589007487521e-01
5.274596952986030374e-01
4.889532345005136449e-01
4.484810385001765098e-01
4.452322096003626939e-01
3.926433468004688621e-01
3.918790684001578484e-01
4.093188275983266067e-01
4.198200194987293798e-01
4.360982028010766953e-01
4.668457500993099529e-01
4.260633835001499392e-01
4.198692602003575303e-01
4.386304157997074071e-01
4.407966149992716964e-01
4.242800762003753334e-01
4.169116090015450027e-01
3.727089780986716505e-01
3.344501161009247880e-01
2.803019882012449671e-01
2.715626270000939257e-01
2.703451404995576013e-01
2.783551028005604167e-01
2.959698298000148498e-01
3.326231263017689344e-01
3.894348565991094802e-01
3.895279872012906708e-01
3.799680601005093195e-01
3.814301720012736041e-01
3.346360879986605141e-01
3.370993433018156793e-01
3.475219122992712073e-01
3.413467161990411114e-01
3.451711117013473995e-01
3.372267226004623808e-01
3.138628417000290938e-01
3.416096360015217215e-01
2.972535707995120902e-01
3.367210014985175803e-01
3.799586901004659012e-01
3.677687671006424353e-01
3.569840292002481874e-01
3.311103937994630542e-01
2.940721960985683836e-01
2.930757756003004033e-01
2.318847595997794997e-01
3.054384983006457333e-01
3.649189448988181539e-01
3.873688575986307114e-01
3.901912161018117331e-01
3.777001331000064965e-01
3.885980656013998669e-01
4.202268168010050431e-01
4.058625028010283131e-01
4.841275213984772563e-01
4.703572090002126060e-01
4.637139404985646252e-01
4.210879940001177602e-01
3.721154820996162016e-01
3.884635169997636694e-01
3.646749649014964234e-01
3.049181786991539411e-01
3.624076322994369548e-01
3.934158949996344745e-01
4.461976493003021460e-01
4.412669711018679664e-01
4.091877430983004160e-01
4.312958424015960190e-01
3.941972124011954293e-01
3.370599338995816652e-01
3.390948509004374500e-01
3.522560741985216737e-01
3.481303070002468303e-01
3.349796668990165927e-01
3.207583871990209445e-01
3.407114319998072460e-01
3.347390191993326880e-01
3.674867269000969827e-01
3.926770022990240250e-01
4.014655676000984386e-01
4.061558499997772742e-01
4.023824983996746596e-01
3.684253524988889694e-01
3.883403469008044340e-01
3.939563669991912320e-01
4.216091105008672457e-01
4.275063880995730869e-01
4.180349410999042448e-01
4.063814051005465444e-01
4.288928495006985031e-01
4.165843783994205296e-01
4.771079927013488486e-01
5.081326243998773862e-01
5.430445433994464111e-01
5.423039105007774197e-01
5.404538082002545707e-01
5.166332519984280225e-01
4.697167545018601231e-01
4.054644062016450334e-01
3.770991648016206454e-01
4.235768600992741995e-01
4.042254562991729472e-01
4.273452773995813914e-01
4.043688636011211202e-01
4.100047507999988738e-01
4.028936329013959039e-01
3.937729071003559511e-01
4.039761417006957345e-01
4.112692624985356815e-01
3.839660277008078992e-01
3.459404155000811443e-01
3.359993949015915859e-01
3.404841863011824898e-01
3.321326973018585704e-01
3.463359261986624915e-01
3.924472727994725574e-01
3.984405234987207223e-01
4.153118893991631921e-01
4.552849106985377148e-01
4.355460221013345290e-01
4.395235189986124169e-01
4.152621225985058118e-01
4.238534290998359211e-01
4.390947833016980439e-01
4.441244484005437698e-01
3.982140902990067843e-01
3.926851331016223412e-01
3.587020759005099535e-01
3.562808218994177878e-01
3.271594756988633890e-01
4.088502072991104797e-01
4.614611190991126932e-01
4.181394057013676502e-01
3.762040426991006825e-01
3.426615270000183955e-01
2.775303513008111622e-01
2.341392980015370995e-01
1.608451264000905212e-01
1.913587175004067831e-01
2.089315381017513573e-01
1.959973945013189223e-01
2.042753308996907435e-01
2.513170610000088345e-01
3.025988992994825821e-01
2.842894970999623183e-01
2.655323141007102095e-01
3.360636454017367214e-01
3.700252107009873725e-01
3.240760414009855594e-01
2.925340434994723182e-01
2.831716873006371316e-01
3.068047509987081867e-01
2.724621195011422969e-01
2.722485027006769087e-01
3.307184615005098749e-01
3.839107243984472007e-01
3.835145318007562310e-01
3.983173136984987650e-01
4.175937649997649714e-01
4.446688665993860923e-01
3.722064395005872939e-01
3.706362445009290241e-01
3.991859853013011161e-01
3.692265454992593732e-01
3.162908004997007083e-01
2.930375711985107046e-01
3.183232871997461189e-01
3.506692359005683102e-01
3.231489938007143792e-01
3.548613593993650284e-01
3.807475221983622760e-01
3.933108056990022305e-01
3.524867646010534372e-01
3.376713787001790479e-01
3.300344294984824955e-01
2.874666628995328210e-01
2.448887307982658967e-01
2.701644906992441975e-01
3.391371387006074656e-01
3.753767533999052830e-01
3.825765965011669323e-01
3.908738852987880819e-01
3.744709974016586784e-01
3.810106054006610066e-01
3.372713682983885519e-01
3.418323635014530737e-01
3.597605659015243873e-01
3.579526368994265795e-01
3.570226945012109354e-01
3.813316474988823757e-01
3.683350799001345877e-01
3.653018742006679531e-01
3.453025948001595680e-01
3.192754570991382934e-01
3.528067441002349369e-01
3.465510370988340583e-01
3.656443514992133714e-01
4.085121764001087286e-01
4.097497250004380476e-01
3.751171258008980658e-01
3.128505042004690040e-01
2.615717957014567219e-01
2.665563754999311641e-01
2.409347682005318347e-01
2.336923221992037725e-01
2.708731733000604436e-01
2.585763723000127356e-01
2.733983637990604620e-01
2.918786160989839118e-01
3.034119533003831748e-01
3.188588953998987563e-01
3.044989023983362131e-01
3.099901552996016107e-01
3.003694955987157300e-01
2.352977800001099240e-01
2.469605387013871223e-01
2.362597142018785235e-01
2.708542116015451029e-01
2.979232584984856658e-01
2.977125155994144734e-01
3.369956187998468522e-01
2.958272108990058769e-01
2.648113844006729778e-01
2.742780886983382516e-01
2.421282403993245680e-01
3.160933922008553054e-01
3.786867595990770496e-01
4.345903389985323884e-01
4.620291544015344698e-01
3.843522189999930561e-01
3.367858872006763704e-01
2.774425411989795975e-01
2.515878302001510747e-01
3.062977525005408097e-01
3.066787364004994743e-01
3.218507353994937148e-01
3.478696220008714590e-01
3.518276508984854445e-01
3.962565038018510677e-01
3.738282919985067565e-01
3.420718189991021063e-01
3.337694407018716447e-01
3.082517900984385051e-01
2.836218086995359045e-01
2.344533567011239938e-01
2.397041326003090944e-01
2.759439049987122416e-01
2.429416742998000700e-01
2.429585108984610997e-01
2.743061551991559099e-01
2.979160444992885459e-01
3.290616921985929366e-01
3.124722991015005391e-01
3.284569661009300034e-01
3.704872628004522994e-01
3.564497982006287202e-01
3.509437889988475945e-01
3.468062448009732179e-01
3.142546454982948489e-01
2.571851052016427275e-01
2.312406228011241183e-01
2.580852415994741023e-01
2.605460351005604025e-01
1.705297125008655712e-01
1.694031137994898017e-01
1.928887985013716388e-01
2.067282794996572193e-01
1.876169263014162425e-01
1.902423848005128093e-01
2.192892017010308336e-01
2.300030264013912529e-01
2.100928282998211216e-01
2.289061502997356001e-01
2.520023309007228818e-01
2.559164966987736989e-01
2.349868841010902543e-01
2.517392371992173139e-01
2.679903573007322848e-01
3.201052635995438322e-01
3.571046614997612778e-01
3.278300995989411604e-01
2.795696887988015078e-01
1.937714728010178078e-01
1.546386664995225146e-01
1.637801840006432030e-01
1.613541188999079168e-01
1.899719794018892571e-01
2.708955285997944884e-01
3.373899985999742057e-01
3.666822662999038585e-01
3.365624438993108924e-01
3.322265163005795330e-01
2.980579725990537554e-01
2.228411329015216324e-01
1.819909574987832457e-01
2.052657362000900321e-01
2.228869985992787406e-01
2.851509407009871211e-01
2.871116772985260468e-01
3.064555181008472573e-01
2.817263178985740524e-01
2.458652899003936909e-01
2.906871964005404152e-01
3.140928930006339215e-01
3.049192809012311045e-01
2.925480931990023237e-01
3.339099570002872497e-01
3.714429352985462174e-01
3.825810597008967306e-01
4.082443164988944773e-01
5.149546382999687921e-01
5.472425728985399473e-01
5.294302084985247348e-01
4.972901293003815226e-01
4.338871631989604793e-01
3.789907483987917658e-01
2.791294002017821185e-01
2.455991384013032075e-01
2.538162901983014308e-01
2.717746277012338396e-01
2.749928644007013645e-01
2.575000787001044955e-01
2.625038461010262836e-01
2.456739387016568799e-01
2.020044394994329195e-01
1.786085177009226754e-01
2.036571296994225122e-01
2.154264843011333141e-01
2.182071591014391743e-01
2.395830786008446012e-01
2.670905734994448721e-01
2.712402424986066762e-01
2.601843098018434830e-01
2.530118805007077754e-01
2.866179355005442630e-01
3.395221868013322819e-01
3.544208624989551026e-01
3.683228746995155234e-01
3.585196605017699767e-01
3.512042873007885646e-01
3.350876963013433851e-01
3.381162117984786164e-01
3.306123412985471077e-01
3.363695170992286876e-01
2.899618693991214968e-01
2.929917535002459772e-01
3.269027124988497235e-01
3.794425490013964009e-01
4.240186913011712022e-01
4.466032663985970430e-01
4.648931217998324428e-01
4.431147538998629898e-01
4.195330217007722240e-01
3.969720150998909958e-01
3.257423094983096235e-01
3.153421597016858868e-01
3.561759570984577294e-01
3.909020838000287767e-01
3.567281528994499240e-01
3.457045778995961882e-01
3.660233100017649122e-01
3.641173645992239472e-01
2.951099142010207288e-01
2.737262025002564769e-01
2.996895055985078216e-01
3.114627563008980360e-01
3.039357611014565919e-01
2.636221249995287508e-01
2.467096537984616589e-01
2.041013201014720835e-01
1.525043701003596652e-01
1.543956919012998696e-01
1.775557184992067050e-01
1.780212094017770141e-01
1.434002891983254813e-01
1.468134542010375299e-01
1.979637498006923124e-01
1.824336024001240730e-01
2.075356042005296331e-01
3.143011844986176584e-01
4.259443974005989730e-01
4.514564812998287380e-01
3.615848678018664941e-01
3.019961175996286329e-01
3.044954744000278879e-01
1.917434159004187677e-01
1.465212998991773929e-01
1.828348138005821966e-01
2.538077977987995837e-01
2.794860444009827916e-01
2.832542397991346661e-01
2.961082510992127936e-01
3.366075382982671726e-01
3.042514059015957173e-01
2.778347796011075843e-01
2.769611088006058708e-01
2.247763535015110392e-01
1.472436014992126729e-01
1.090014803012309130e-01
1.249604035983793437e-01
1.665882638008042704e-01
2.302565022982889786e-01
3.058887338011118118e-01
3.716530691017396748e-01
3.779203341982793063e-01
3.485867017989221495e-01
3.225572578012361191e-01
2.907963971010758542e-01
2.338909058016724885e-01
2.020072562991117593e-01
2.338929676989209838e-01
2.066501287990831770e-01
1.846938991002389230e-01
1.943463261013675947e-01
2.229037366014381405e-01
2.596866526982921641e-01
2.346902733006572817e-01
2.876728053997794632e-01
3.458909352993941866e-01
3.545993256993824616e-01
3.338933226987137459e-01
3.056785933003993705e-01
2.756571044010343030e-01
3.007567413987999316e-01
2.862066982015676331e-01
2.853921358982915990e-01
3.167527158984739799e-01
3.061687111985520460e-01
2.928483251016587019e-01
2.997367846000997815e-01
3.329000584999448620e-01
3.620914683015143964e-01
3.426838740997482091e-01
4.053689553984440863e-01
4.056388278986560181e-01
3.710217896004905924e-01
3.178590302013617475e-01
2.877253141996334307e-01
2.909415965987136588e-01
2.593862436988274567e-01
2.162732528995547909e-01
2.412842769008420873e-01
2.244202192014199682e-01
2.021363997009757441e-01
1.637524953985121101e-01
1.970718330012459774e-01
2.839574762001575436e-01
3.265384158003143966e-01
3.276116519991774112e-01
3.098419400012062397e-01
2.775282830989453942e-01
2.275572963008016814e-01
1.833216755003377330e-01
1.874477273013326339e-01
2.272109717014245689e-01
